find 65 148 1999
find 65 148 1999
find 65 148 1999
found 158
find 65 235 1999
find 65 235 1999
find 65 235 1999
find 65 235 1999
found 0
find 220 146 1999
find 220 146 1999
find 220 146 1999
find 220 146 1999
found 158
found 197
found 184
find 37 119 1999
find 37 119 1999
find 37 119 1999
found 119
find 165 76 1999
find 165 76 1999
find 165 76 1999
found 77
find 144 236 1999
find 144 236 1999
find 144 236 1999
found 0
find 225 108 1999
find 225 108 1999
found 111
find 123 38 1999
find 123 38 1999
find 123 38 1999
find 123 38 1999
found 39
find 39 207 1999
find 39 207 1999
find 39 207 1999
find 39 207 1999
find 39 207 1999
found 220
find 32 86 1999
find 32 86 1999
find 32 86 1999
find 32 86 1999
found 106
found 158
find 32 65 1999
find 32 65 1999
find 32 65 1999
found 65
find 58 5 1999
find 58 5 1999
find 58 5 1999
found 12
find 127 100 1999
find 127 100 1999
find 127 100 1999
find 127 100 1999
find 127 100 1999
found 106
find 39 166 1999
find 39 166 1999
find 39 166 1999
find 39 166 1999
find 39 166 1999
found 166
find 184 135 1999
find 184 135 1999
find 184 135 1999
find 184 135 1999
found 139
find 111 227 1999
find 111 227 1999
find 111 227 1999
find 111 227 1999
found 0
find 197 165 1999
find 197 165 1999
find 197 165 1999
find 197 165 1999
found 165
find 166 252 1999
find 166 252 1999
find 166 252 1999
find 166 252 1999
found 0
find 139 197 1999
find 139 197 1999
find 139 197 1999
found 197
find 111 151 1999
find 111 151 1999
found 158
find 189 25 1999
find 189 25 1999
find 189 25 1999
found 32
find 79 193 1999
find 79 193 1999
find 79 193 1999
find 79 193 1999
found 197
find 166 81 1999
find 166 81 1999
find 166 81 1999
find 166 81 1999
found 106
find 123 107 1999
find 123 107 1999
find 123 107 1999
find 123 107 1999
found 111
find 127 99 1999
find 127 99 1999
find 127 99 1999
find 127 99 1999
find 127 99 1999
found 106
find 165 238 1999
find 165 238 1999
find 165 238 1999
find 165 238 1999
found 0
find 58 116 1999
find 58 116 1999
find 58 116 1999
found 119
find 225 31 1999
find 225 31 1999
found 32
find 111 98 1999
find 111 98 1999
find 111 98 1999
find 111 98 1999
find 111 98 1999
found 106
find 41 10 1999
find 41 10 1999
find 41 10 1999
found 12
find 220 33 1999
find 220 33 1999
found 37
find 66 233 1999
find 66 233 1999
find 66 233 1999
find 66 233 1999
found 0
find 165 176 1999
find 165 176 1999
found 184
find 189 12 1999
find 189 12 1999
found 12
find 58 230 1999
find 58 230 1999
find 58 230 1999
found 0
find 123 18 1999
find 123 18 1999
find 123 18 1999
found 32
find 37 110 1999
find 37 110 1999
found 111
find 127 137 1999
found 139
find 0 52 1999
find 0 52 1999
find 0 52 1999
found 53
find 200 7 1999
find 200 7 1999
found 12
find 139 46 1999
find 139 46 1999
find 139 46 1999
find 139 46 1999
found 48
find 139 209 1999
find 139 209 1999
find 139 209 1999
find 139 209 1999
find 139 209 1999
found 220
find 77 103 1999
find 77 103 1999
found 106
find 79 248 1999
find 79 248 1999
find 79 248 1999
found 0
find 74 172 1999
find 74 172 1999
find 74 172 1999
find 74 172 1999
found 172
find 58 37 1999
find 58 37 1999
find 58 37 1999
find 58 37 1999
found 37
find 48 17 1999
find 48 17 1999
find 48 17 1999
find 48 17 1999
found 32
find 123 242 1999
find 123 242 1999
find 123 242 1999
found 0
find 165 22 1999
find 165 22 1999
find 165 22 1999
found 32
find 123 85 1999
find 123 85 1999
find 123 85 1999
find 123 85 1999
find 123 85 1999
found 106
find 12 92 1999
find 12 92 1999
find 12 92 1999
found 106
find 200 144 1999
find 200 144 1999
find 200 144 1999
found 144
find 79 201 1999
find 79 201 1999
find 79 201 1999
find 79 201 1999
found 220
find 79 74 1999
find 79 74 1999
find 79 74 1999
find 79 74 1999
find 79 74 1999
found 74
find 12 49 1999
find 12 49 1999
found 53
find 165 220 1999
find 165 220 1999
find 165 220 1999
found 220
find 0 84 1999
find 0 84 1999
find 0 84 1999
find 0 84 1999
found 106
find 225 29 1999
find 225 29 1999
found 32
find 53 77 1999
find 53 77 1999
found 77
find 225 173 1999
find 225 173 1999
find 225 173 1999
found 184
find 41 79 1999
find 41 79 1999
find 41 79 1999
found 79
find 111 36 1999
find 111 36 1999
find 111 36 1999
found 37
find 48 234 1999
find 48 234 1999
find 48 234 1999
find 48 234 1999
found 0
find 66 240 1999
find 66 240 1999
find 66 240 1999
find 66 240 1999
found 0
find 41 42 1999
found 48
find 77 125 1999
find 77 125 1999
find 77 125 1999
find 77 125 1999
found 127
find 197 171 1999
find 197 171 1999
find 197 171 1999
find 197 171 1999
find 197 171 1999
found 172
find 123 95 1999
find 123 95 1999
find 123 95 1999
find 123 95 1999
find 123 95 1999
found 106
find 0 214 1999
find 0 214 1999
find 0 214 1999
find 0 214 1999
find 0 214 1999
find 0 214 1999
found 220
find 79 150 1999
find 79 150 1999
found 158
find 111 226 1999
find 111 226 1999
find 111 226 1999
find 111 226 1999
found 0
find 12 157 1999
find 12 157 1999
found 158
find 39 221 1999
find 39 221 1999
find 39 221 1999
found 225
find 225 80 1999
find 225 80 1999
find 225 80 1999
find 225 80 1999
found 106
find 119 34 1999
find 119 34 1999
find 119 34 1999
found 37
find 12 203 1999
find 12 203 1999
find 12 203 1999
find 12 203 1999
found 220
find 172 4 1999
find 172 4 1999
found 12
find 225 183 1999
find 225 183 1999
find 225 183 1999
found 184
find 37 155 1999
find 37 155 1999
find 37 155 1999
find 37 155 1999
found 158
find 32 1 1999
find 32 1 1999
find 32 1 1999
found 12
find 48 177 1999
find 48 177 1999
find 48 177 1999
find 48 177 1999
find 48 177 1999
found 184
find 0 211 1999
find 0 211 1999
find 0 211 1999
find 0 211 1999
find 0 211 1999
find 0 211 1999
found 220
find 0 48 1999
find 0 48 1999
find 0 48 1999
found 48
find 119 9 1999
find 119 9 1999
found 12
find 53 255 1999
find 53 255 1999
find 53 255 1999
find 53 255 1999
found 0
find 144 153 1999
found 158
find 197 104 1999
find 197 104 1999
find 197 104 1999
found 106
find 172 126 1999
find 172 126 1999
find 172 126 1999
find 172 126 1999
found 127
find 106 229 1999
find 106 229 1999
find 106 229 1999
find 106 229 1999
found 0
find 74 246 1999
find 74 246 1999
find 74 246 1999
found 0
find 158 82 1999
find 158 82 1999
find 158 82 1999
find 158 82 1999
find 158 82 1999
found 106
find 48 219 1999
find 48 219 1999
find 48 219 1999
found 220
find 79 58 1999
find 79 58 1999
find 79 58 1999
find 79 58 1999
find 79 58 1999
found 58
find 139 169 1999
find 139 169 1999
find 139 169 1999
found 172
find 165 200 1999
find 165 200 1999
found 200
find 197 232 1999
find 197 232 1999
find 197 232 1999
found 0
find 66 179 1999
find 66 179 1999
find 66 179 1999
found 184
find 197 145 1999
find 197 145 1999
find 197 145 1999
find 197 145 1999
found 158
find 166 127 1999
find 166 127 1999
find 166 127 1999
find 166 127 1999
found 127
find 0 91 1999
find 0 91 1999
find 0 91 1999
find 0 91 1999
found 106
find 77 143 1999
find 77 143 1999
find 77 143 1999
find 77 143 1999
found 144
find 66 128 1999
find 66 128 1999
find 66 128 1999
find 66 128 1999
found 139
find 77 216 1999
find 77 216 1999
find 77 216 1999
find 77 216 1999
found 220
find 39 141 1999
find 39 141 1999
find 39 141 1999
found 144
find 200 168 1999
find 200 168 1999
find 200 168 1999
find 200 168 1999
find 200 168 1999
found 172
find 144 57 1999
find 144 57 1999
find 144 57 1999
find 144 57 1999
found 58
find 139 88 1999
find 139 88 1999
find 139 88 1999
find 139 88 1999
found 106
find 189 231 1999
find 189 231 1999
found 0
find 189 159 1999
find 189 159 1999
find 189 159 1999
find 189 159 1999
found 165
find 200 136 1999
find 200 136 1999
find 200 136 1999
find 200 136 1999
find 200 136 1999
found 139
find 172 131 1999
find 172 131 1999
find 172 131 1999
find 172 131 1999
found 139
find 65 181 1999
find 65 181 1999
find 65 181 1999
found 184
find 111 51 1999
find 111 51 1999
find 111 51 1999
find 111 51 1999
found 53
find 144 39 1999
find 144 39 1999
find 144 39 1999
found 39
find 172 164 1999
find 172 164 1999
find 172 164 1999
find 172 164 1999
found 165
find 172 180 1999
found 184
find 165 222 1999
find 165 222 1999
find 165 222 1999
found 225
find 158 101 1999
find 158 101 1999
find 158 101 1999
find 158 101 1999
find 158 101 1999
found 106
find 106 243 1999
find 106 243 1999
find 106 243 1999
find 106 243 1999
found 0
find 166 134 1999
find 166 134 1999
find 166 134 1999
find 166 134 1999
find 166 134 1999
found 139
find 48 156 1999
find 48 156 1999
find 48 156 1999
find 48 156 1999
found 158
find 41 93 1999
find 41 93 1999
find 41 93 1999
found 106
find 0 44 1999
find 0 44 1999
find 0 44 1999
found 48
find 184 114 1999
find 184 114 1999
find 184 114 1999
find 184 114 1999
found 119
find 172 47 1999
find 172 47 1999
find 172 47 1999
find 172 47 1999
found 48
find 1 227 1999
find 1 227 1999
find 1 227 1999
find 1 227 1999
found 229
find 23 101 1999
find 23 101 1999
found 105
find 241 224 1999
find 241 224 1999
find 241 224 1999
find 241 224 1999
find 241 224 1999
found 224
find 123 158 1999
find 123 158 1999
find 123 158 1999
found 168
find 75 37 1999
find 75 37 1999
find 75 37 1999
found 54
find 154 136 1999
find 154 136 1999
find 154 136 1999
find 154 136 1999
find 154 136 1999
found 144
find 123 106 1999
find 123 106 1999
find 123 106 1999
find 123 106 1999
found 114
find 239 124 1999
find 239 124 1999
find 239 124 1999
found 132
find 77 180 1999
find 77 180 1999
find 77 180 1999
find 77 180 1999
found 194
find 229 114 1999
find 229 114 1999
found 114
find 75 117 1999
find 75 117 1999
find 75 117 1999
found 123
find 70 59 1999
find 70 59 1999
find 70 59 1999
find 70 59 1999
found 67
find 23 194 1999
find 23 194 1999
find 23 194 1999
find 23 194 1999
found 194
find 75 11 1999
find 75 11 1999
find 75 11 1999
find 75 11 1999
found 23
find 77 231 1999
find 77 231 1999
find 77 231 1999
found 236
find 248 137 1999
find 248 137 1999
find 248 137 1999
find 248 137 1999
found 144
find 144 221 1999
find 144 221 1999
find 144 221 1999
find 144 221 1999
found 224
find 0 127 1999
find 0 127 1999
find 0 127 1999
find 0 127 1999
found 132
find 209 46 1999
find 209 46 1999
found 54
find 236 142 1999
find 236 142 1999
find 236 142 1999
find 236 142 1999
found 144
find 169 6 1999
find 169 6 1999
find 169 6 1999
find 169 6 1999
found 23
find 248 252 1999
found 0
find 67 162 1999
find 67 162 1999
find 67 162 1999
find 67 162 1999
found 168
find 115 19 1999
find 115 19 1999
find 115 19 1999
find 115 19 1999
found 23
find 154 99 1999
find 154 99 1999
find 154 99 1999
found 105
find 241 119 1999
find 241 119 1999
find 241 119 1999
found 123
find 144 185 1999
find 144 185 1999
find 144 185 1999
found 194
find 144 163 1999
find 144 163 1999
found 168
find 1 79 1999
find 1 79 1999
find 1 79 1999
find 1 79 1999
found 93
find 132 22 1999
find 132 22 1999
find 132 22 1999
find 132 22 1999
found 23
find 214 236 1999
find 214 236 1999
find 214 236 1999
found 236
find 77 31 1999
find 77 31 1999
find 77 31 1999
found 54
find 77 33 1999
find 77 33 1999
find 77 33 1999
found 54
find 123 157 1999
find 123 157 1999
find 123 157 1999
found 168
find 154 112 1999
find 154 112 1999
find 154 112 1999
find 154 112 1999
found 114
find 248 92 1999
find 248 92 1999
find 248 92 1999
find 248 92 1999
found 93
find 93 179 1999
find 93 179 1999
find 93 179 1999
found 194
find 194 122 1999
find 194 122 1999
find 194 122 1999
find 194 122 1999
find 194 122 1999
found 123
find 169 156 1999
find 169 156 1999
find 169 156 1999
find 169 156 1999
find 169 156 1999
found 168
find 67 128 1999
find 67 128 1999
find 67 128 1999
found 132
find 0 10 1999
find 0 10 1999
found 23
find 23 246 1999
find 23 246 1999
find 23 246 1999
find 23 246 1999
found 247
find 0 55 1999
find 0 55 1999
found 67
find 236 214 1999
find 236 214 1999
find 236 214 1999
find 236 214 1999
found 214
find 194 15 1999
find 194 15 1999
find 194 15 1999
find 194 15 1999
find 194 15 1999
found 23
find 54 126 1999
find 54 126 1999
found 132
find 132 249 1999
find 132 249 1999
find 132 249 1999
find 132 249 1999
find 132 249 1999
found 0
find 214 111 1999
find 214 111 1999
find 214 111 1999
found 114
find 132 91 1999
find 132 91 1999
find 132 91 1999
find 132 91 1999
find 132 91 1999
found 93
find 168 241 1999
find 168 241 1999
find 168 241 1999
found 241
find 75 216 1999
find 75 216 1999
find 75 216 1999
found 216
find 114 39 1999
find 114 39 1999
find 114 39 1999
found 54
find 247 40 1999
find 247 40 1999
found 54
find 216 69 1999
find 216 69 1999
find 216 69 1999
found 70
find 239 154 1999
find 239 154 1999
find 239 154 1999
found 154
find 169 5 1999
find 169 5 1999
find 169 5 1999
find 169 5 1999
found 23
find 248 38 1999
find 248 38 1999
found 54
find 248 47 1999
find 248 47 1999
found 54
find 54 121 1999
find 54 121 1999
find 54 121 1999
find 54 121 1999
found 123
find 216 210 1999
find 216 210 1999
find 216 210 1999
find 216 210 1999
found 214
find 77 171 1999
find 77 171 1999
find 77 171 1999
find 77 171 1999
found 194
find 54 170 1999
find 54 170 1999
find 54 170 1999
find 54 170 1999
found 194
find 93 2 1999
find 93 2 1999
find 93 2 1999
find 93 2 1999
found 23
find 123 68 1999
find 123 68 1999
find 123 68 1999
found 70
find 123 103 1999
find 123 103 1999
find 123 103 1999
find 123 103 1999
found 105
find 115 238 1999
find 115 238 1999
find 115 238 1999
find 115 238 1999
found 239
find 132 245 1999
find 132 245 1999
find 132 245 1999
found 247
find 229 215 1999
find 229 215 1999
find 229 215 1999
find 229 215 1999
find 229 215 1999
found 216
find 149 225 1999
find 149 225 1999
find 149 225 1999
found 229
find 114 51 1999
find 114 51 1999
find 114 51 1999
found 54
find 93 108 1999
find 93 108 1999
found 114
find 123 167 1999
find 123 167 1999
find 123 167 1999
found 168
find 241 130 1999
find 241 130 1999
find 241 130 1999
found 132
find 149 197 1999
find 149 197 1999
found 209
find 169 188 1999
found 194
find 149 205 1999
find 149 205 1999
found 209
find 54 81 1999
find 54 81 1999
find 54 81 1999
find 54 81 1999
found 93
find 229 148 1999
find 229 148 1999
find 229 148 1999
found 149
find 169 251 1999
find 169 251 1999
find 169 251 1999
find 169 251 1999
found 0
find 224 78 1999
find 224 78 1999
find 224 78 1999
find 224 78 1999
find 224 78 1999
found 93
find 0 174 1999
find 0 174 1999
find 0 174 1999
find 0 174 1999
found 194
find 149 73 1999
find 149 73 1999
find 149 73 1999
find 149 73 1999
found 75
find 23 50 1999
found 54
find 144 109 1999
find 144 109 1999
find 144 109 1999
find 144 109 1999
found 114
find 75 248 1999
find 75 248 1999
find 75 248 1999
find 75 248 1999
found 248
found 93
find 247 149 1999
find 247 149 1999
find 247 149 1999
found 149
find 70 57 1999
find 70 57 1999
find 70 57 1999
find 70 57 1999
found 67
find 149 77 1999
find 149 77 1999
find 149 77 1999
find 149 77 1999
found 77
find 154 58 1999
find 154 58 1999
found 67
find 93 206 1999
find 93 206 1999
find 93 206 1999
found 209
find 1 165 1999
find 1 165 1999
find 1 165 1999
find 1 165 1999
found 168
find 123 9 1999
find 123 9 1999
find 123 9 1999
found 23
find 75 160 1999
find 75 160 1999
find 75 160 1999
found 168
find 67 100 1999
find 67 100 1999
found 105
find 144 120 1999
find 144 120 1999
find 144 120 1999
find 144 120 1999
find 144 120 1999
found 123
find 224 229 1999
found 229
found 144
find 224 186 1999
find 224 186 1999
find 224 186 1999
found 194
find 132 36 1999
find 132 36 1999
found 54
find 224 42 1999
find 224 42 1999
find 224 42 1999
found 54
find 214 159 1999
find 214 159 1999
find 214 159 1999
find 214 159 1999
find 214 159 1999
found 168
find 169 250 1999
find 169 250 1999
find 169 250 1999
find 169 250 1999
found 0
find 154 70 1999
find 154 70 1999
find 154 70 1999
found 70
find 93 63 1999
find 93 63 1999
find 93 63 1999
found 67
find 154 35 1999
find 154 35 1999
find 154 35 1999
find 154 35 1999
found 54
find 105 212 1999
find 105 212 1999
find 105 212 1999
found 214
find 209 242 1999
find 209 242 1999
found 247
find 229 1 1999
find 229 1 1999
find 229 1 1999
found 1
find 209 176 1999
find 209 176 1999
find 209 176 1999
find 209 176 1999
found 194
found 114
find 93 96 1999
found 105
find 209 45 1999
find 209 45 1999
found 54
find 0 12 1999
find 0 12 1999
found 23
find 169 94 1999
find 169 94 1999
find 169 94 1999
found 105
find 194 253 1999
find 194 253 1999
find 194 253 1999
find 194 253 1999
found 0
find 54 141 1999
find 54 141 1999
find 54 141 1999
find 54 141 1999
found 144
find 224 161 1999
find 224 161 1999
find 224 161 1999
find 224 161 1999
found 168
find 239 152 1999
find 239 152 1999
find 239 152 1999
found 154
find 115 191 1999
find 115 191 1999
find 115 191 1999
find 115 191 1999
found 194
find 168 72 1999
find 168 72 1999
find 168 72 1999
found 75
find 114 8 1999
find 114 8 1999
find 114 8 1999
find 114 8 1999
found 23
find 70 56 1999
find 70 56 1999
find 70 56 1999
find 70 56 1999
found 67
find 1 105 1999
find 1 105 1999
find 1 105 1999
found 105
find 229 20 1999
find 229 20 1999
find 229 20 1999
find 229 20 1999
found 23
find 248 86 1999
find 248 86 1999
find 248 86 1999
find 248 86 1999
found 93
find 239 62 1999
find 239 62 1999
found 67
find 168 235 1999
find 168 235 1999
find 168 235 1999
found 236
find 59 130 1999
find 59 130 1999
find 59 130 1999
found 130
find 255 207 1999
find 255 207 1999
find 255 207 1999
find 255 207 1999
find 255 207 1999
found 211
find 192 22 1999
find 192 22 1999
find 192 22 1999
found 29
find 139 0 1999
find 139 0 1999
find 139 0 1999
find 139 0 1999
found 0
find 119 228 1999
find 119 228 1999
find 119 228 1999
found 232
find 130 157 1999
find 130 157 1999
found 177
find 238 126 1999
find 238 126 1999
find 238 126 1999
find 238 126 1999
found 130
find 130 209 1999
find 130 209 1999
find 130 209 1999
find 130 209 1999
found 211
find 234 7 1999
find 234 7 1999
find 234 7 1999
found 9
find 9 57 1999
find 9 57 1999
find 9 57 1999
found 57
find 234 202 1999
find 234 202 1999
find 234 202 1999
find 234 202 1999
find 234 202 1999
found 211
find 9 94 1999
find 9 94 1999
find 9 94 1999
found 106
find 247 154 1999
find 247 154 1999
find 247 154 1999
found 177
find 192 76 1999
find 192 76 1999
find 192 76 1999
found 84
find 192 86 1999
find 192 86 1999
find 192 86 1999
found 90
find 0 150 1999
find 0 150 1999
find 0 150 1999
found 177
find 247 30 1999
find 247 30 1999
found 40
find 255 102 1999
find 255 102 1999
find 255 102 1999
find 255 102 1999
found 106
find 239 161 1999
find 239 161 1999
find 239 161 1999
found 177
find 177 79 1999
find 177 79 1999
find 177 79 1999
found 84
find 232 217 1999
find 232 217 1999
find 232 217 1999
find 232 217 1999
find 232 217 1999
found 223
find 0 128 1999
find 0 128 1999
find 0 128 1999
find 0 128 1999
find 0 128 1999
find 0 128 1999
found 130
find 64 208 1999
find 64 208 1999
found 211
find 90 215 1999
find 90 215 1999
find 90 215 1999
find 90 215 1999
found 223
find 9 138 1999
find 9 138 1999
find 9 138 1999
find 9 138 1999
found 139
find 212 164 1999
find 212 164 1999
find 212 164 1999
find 212 164 1999
found 177
find 122 174 1999
find 122 174 1999
found 177
find 71 101 1999
find 71 101 1999
found 106
find 177 69 1999
find 177 69 1999
find 177 69 1999
found 71
find 9 231 1999
find 9 231 1999
find 9 231 1999
find 9 231 1999
found 232
find 59 229 1999
find 59 229 1999
find 59 229 1999
found 232
find 211 234 1999
find 211 234 1999
found 234
find 57 83 1999
find 57 83 1999
found 84
find 238 16 1999
find 238 16 1999
find 238 16 1999
found 29
find 84 127 1999
find 84 127 1999
find 84 127 1999
find 84 127 1999
found 130
find 71 193 1999
find 71 193 1999
find 71 193 1999
find 71 193 1999
find 71 193 1999
found 211
find 9 55 1999
find 9 55 1999
find 9 55 1999
found 57
find 125 198 1999
find 125 198 1999
find 125 198 1999
found 211
found 247
find 122 227 1999
find 122 227 1999
find 122 227 1999
found 232
find 84 145 1999
find 84 145 1999
find 84 145 1999
found 177
find 211 27 1999
find 211 27 1999
find 211 27 1999
found 29
find 232 117 1999
find 232 117 1999
found 119
find 90 236 1999
find 90 236 1999
find 90 236 1999
find 90 236 1999
found 238
find 64 4 1999
find 64 4 1999
find 64 4 1999
found 9
find 177 240 1999
find 177 240 1999
find 177 240 1999
find 177 240 1999
find 177 240 1999
found 247
find 211 214 1999
find 211 214 1999
found 223
found 57
find 238 200 1999
find 238 200 1999
find 238 200 1999
find 238 200 1999
found 211
find 9 67 1999
find 9 67 1999
find 9 67 1999
found 71
find 178 221 1999
find 178 221 1999
find 178 221 1999
found 223
find 40 92 1999
find 40 92 1999
find 40 92 1999
found 106
find 255 156 1999
find 255 156 1999
find 255 156 1999
found 177
find 223 15 1999
find 223 15 1999
find 223 15 1999
found 29
find 247 230 1999
find 247 230 1999
find 247 230 1999
find 247 230 1999
found 232
find 255 62 1999
find 255 62 1999
find 255 62 1999
find 255 62 1999
found 64
find 124 219 1999
find 124 219 1999
find 124 219 1999
find 124 219 1999
found 223
find 232 54 1999
find 232 54 1999
found 57
find 238 21 1999
find 238 21 1999
find 238 21 1999
found 29
find 59 70 1999
find 59 70 1999
found 71
find 106 149 1999
find 106 149 1999
found 177
find 71 191 1999
find 71 191 1999
find 71 191 1999
find 71 191 1999
found 191
find 139 206 1999
find 139 206 1999
find 139 206 1999
find 139 206 1999
found 211
find 130 169 1999
find 130 169 1999
found 177
find 191 204 1999
find 191 204 1999
found 211
find 234 188 1999
find 234 188 1999
find 234 188 1999
find 234 188 1999
found 191
find 90 144 1999
find 90 144 1999
find 90 144 1999
found 177
find 29 224 1999
find 29 224 1999
find 29 224 1999
find 29 224 1999
found 232
find 40 104 1999
find 40 104 1999
find 40 104 1999
found 106
found 40
find 192 218 1999
find 192 218 1999
find 192 218 1999
found 223
find 192 165 1999
find 192 165 1999
find 192 165 1999
find 192 165 1999
found 177
find 191 38 1999
find 191 38 1999
find 191 38 1999
found 40
find 211 121 1999
find 211 121 1999
find 211 121 1999
found 122
find 255 179 1999
find 255 179 1999
find 255 179 1999
find 255 179 1999
found 191
find 57 226 1999
find 57 226 1999
find 57 226 1999
found 232
found 29
find 106 74 1999
find 106 74 1999
find 106 74 1999
find 106 74 1999
found 84
find 211 50 1999
find 211 50 1999
find 211 50 1999
found 57
find 191 140 1999
find 191 140 1999
find 191 140 1999
find 191 140 1999
found 177
find 247 251 1999
found 255
find 84 245 1999
find 84 245 1999
find 84 245 1999
find 84 245 1999
find 84 245 1999
found 247
find 211 23 1999
find 211 23 1999
find 211 23 1999
found 29
find 59 11 1999
find 59 11 1999
find 59 11 1999
find 59 11 1999
found 29
find 29 36 1999
found 40
find 213 58 1999
find 213 58 1999
find 213 58 1999
found 59
find 177 80 1999
find 177 80 1999
find 177 80 1999
found 84
find 191 160 1999
find 191 160 1999
find 191 160 1999
find 191 160 1999
found 177
find 232 65 1999
find 232 65 1999
find 232 65 1999
find 232 65 1999
found 71
find 212 33 1999
find 212 33 1999
found 40
find 211 147 1999
find 211 147 1999
find 211 147 1999
find 211 147 1999
found 177
find 239 9 1999
find 239 9 1999
find 239 9 1999
found 9
find 247 252 1999
found 255
find 234 72 1999
find 234 72 1999
find 234 72 1999
found 84
find 238 223 1999
find 238 223 1999
find 238 223 1999
find 238 223 1999
find 238 223 1999
found 223
find 211 68 1999
find 211 68 1999
find 211 68 1999
found 71
find 124 115 1999
find 124 115 1999
find 124 115 1999
find 124 115 1999
found 119
find 59 210 1999
find 59 210 1999
find 59 210 1999
found 211
find 106 178 1999
find 106 178 1999
found 178
find 212 24 1999
find 212 24 1999
find 212 24 1999
found 29
find 130 141 1999
find 130 141 1999
found 177
find 234 158 1999
find 234 158 1999
find 234 158 1999
found 177
find 255 131 1999
find 255 131 1999
found 139
find 40 170 1999
find 40 170 1999
find 40 170 1999
found 177
find 84 152 1999
find 84 152 1999
find 84 152 1999
found 177
find 0 244 1999
find 0 244 1999
find 0 244 1999
find 0 244 1999
find 0 244 1999
find 0 244 1999
found 247
found 106
find 212 248 1999
find 212 248 1999
found 255
find 124 98 1999
find 124 98 1999
find 124 98 1999
find 124 98 1999
find 124 98 1999
found 106
find 232 56 1999
find 232 56 1999
found 57
find 64 75 1999
find 64 75 1999
found 84
find 57 253 1999
find 57 253 1999
find 57 253 1999
find 57 253 1999
find 57 253 1999
found 255
find 213 119 1999
find 213 119 1999
find 213 119 1999
found 119
find 84 20 1999
find 84 20 1999
find 84 20 1999
find 84 20 1999
found 29
find 213 10 1999
find 213 10 1999
find 213 10 1999
found 29
find 211 47 1999
find 211 47 1999
find 211 47 1999
found 57
find 211 122 1999
find 211 122 1999
find 211 122 1999
found 122
find 247 105 1999
find 247 105 1999
find 247 105 1999
found 106
find 9 242 1999
find 9 242 1999
find 9 242 1999
find 9 242 1999
find 9 242 1999
find 9 242 1999
found 247
find 84 60 1999
find 84 60 1999
find 84 60 1999
find 84 60 1999
find 84 60 1999
found 64
find 247 59 1999
find 247 59 1999
found 59
find 223 124 1999
find 223 124 1999
find 223 124 1999
found 124
find 192 182 1999
find 192 182 1999
find 192 182 1999
find 192 182 1999
find 192 182 1999
found 191
find 213 78 1999
find 213 78 1999
find 213 78 1999
find 213 78 1999
found 84
find 212 43 1999
find 212 43 1999
find 212 43 1999
found 57
find 238 99 1999
find 238 99 1999
find 238 99 1999
found 106
find 139 186 1999
find 139 186 1999
find 139 186 1999
found 191
find 64 95 1999
find 64 95 1999
find 64 95 1999
found 106
find 123 11 1999
find 123 11 1999
find 123 11 1999
found 13
find 13 139 1999
find 13 139 1999
find 13 139 1999
find 13 139 1999
found 145
find 84 147 1999
find 84 147 1999
find 84 147 1999
find 84 147 1999
found 163
find 238 184 1999
find 238 184 1999
find 238 184 1999
find 238 184 1999
found 184
find 163 115 1999
find 163 115 1999
find 163 115 1999
found 123
find 226 94 1999
find 226 94 1999
find 226 94 1999
find 226 94 1999
found 97
find 97 127 1999
find 97 127 1999
found 135
find 207 236 1999
find 207 236 1999
find 207 236 1999
found 238
find 207 28 1999
find 207 28 1999
found 35
find 166 146 1999
find 166 146 1999
find 166 146 1999
find 166 146 1999
found 146
find 13 24 1999
find 13 24 1999
found 35
find 224 116 1999
find 224 116 1999
find 224 116 1999
found 123
find 0 231 1999
find 0 231 1999
find 0 231 1999
find 0 231 1999
find 0 231 1999
found 238
find 51 219 1999
find 51 219 1999
find 51 219 1999
find 51 219 1999
found 224
find 84 6 1999
find 84 6 1999
find 84 6 1999
find 84 6 1999
found 8
find 16 178 1999
find 16 178 1999
find 16 178 1999
find 16 178 1999
found 184
find 209 80 1999
find 209 80 1999
find 209 80 1999
find 209 80 1999
found 84
find 163 215 1999
find 163 215 1999
find 163 215 1999
found 224
find 89 226 1999
find 89 226 1999
found 226
find 224 143 1999
find 224 143 1999
find 224 143 1999
found 145
find 135 172 1999
find 135 172 1999
find 135 172 1999
found 184
find 84 122 1999
find 84 122 1999
found 123
find 224 20 1999
find 224 20 1999
find 224 20 1999
found 35
find 226 39 1999
find 226 39 1999
found 40
find 40 112 1999
find 40 112 1999
find 40 112 1999
find 40 112 1999
find 40 112 1999
found 123
find 123 52 1999
find 123 52 1999
find 123 52 1999
find 123 52 1999
found 72
find 186 118 1999
find 186 118 1999
find 186 118 1999
find 186 118 1999
find 186 118 1999
found 123
find 101 126 1999
find 101 126 1999
found 135
find 209 109 1999
find 209 109 1999
find 209 109 1999
found 123
find 123 48 1999
find 123 48 1999
find 123 48 1999
find 123 48 1999
found 51
find 186 162 1999
find 186 162 1999
find 186 162 1999
find 186 162 1999
found 163
find 251 193 1999
find 251 193 1999
find 251 193 1999
find 251 193 1999
find 251 193 1999
found 196
find 101 33 1999
find 101 33 1999
find 101 33 1999
found 35
find 146 88 1999
find 146 88 1999
find 146 88 1999
find 146 88 1999
found 89
find 146 191 1999
find 146 191 1999
find 146 191 1999
found 196
find 101 225 1999
find 101 225 1999
find 101 225 1999
find 101 225 1999
found 226
find 123 185 1999
find 123 185 1999
find 123 185 1999
found 186
find 145 72 1999
find 145 72 1999
find 145 72 1999
found 72
find 224 76 1999
find 224 76 1999
find 224 76 1999
found 76
find 101 59 1999
find 101 59 1999
find 101 59 1999
found 72
find 224 171 1999
find 224 171 1999
find 224 171 1999
find 224 171 1999
found 184
find 166 2 1999
find 166 2 1999
find 166 2 1999
found 8
find 238 77 1999
find 238 77 1999
find 238 77 1999
find 238 77 1999
found 84
find 123 198 1999
find 123 198 1999
found 207
find 184 157 1999
find 184 157 1999
find 184 157 1999
find 184 157 1999
found 163
find 146 187 1999
find 146 187 1999
find 146 187 1999
found 196
find 0 57 1999
find 0 57 1999
find 0 57 1999
found 72
find 97 41 1999
find 97 41 1999
find 97 41 1999
find 97 41 1999
found 44
find 163 21 1999
find 163 21 1999
find 163 21 1999
found 35
find 226 26 1999
find 226 26 1999
find 226 26 1999
found 35
find 123 101 1999
find 123 101 1999
find 123 101 1999
find 123 101 1999
find 123 101 1999
found 101
find 16 148 1999
find 16 148 1999
find 16 148 1999
found 163
find 166 250 1999
find 166 250 1999
find 166 250 1999
found 251
find 72 124 1999
find 72 124 1999
found 135
find 35 54 1999
find 35 54 1999
found 72
find 207 65 1999
find 207 65 1999
find 207 65 1999
found 72
find 145 87 1999
find 145 87 1999
find 145 87 1999
find 145 87 1999
found 89
find 123 188 1999
find 123 188 1999
find 123 188 1999
find 123 188 1999
found 196
find 35 84 1999
find 35 84 1999
find 35 84 1999
found 84
find 101 220 1999
find 101 220 1999
find 101 220 1999
find 101 220 1999
found 224
find 238 140 1999
find 238 140 1999
find 238 140 1999
found 145
find 246 29 1999
find 246 29 1999
find 246 29 1999
found 35
find 51 165 1999
find 51 165 1999
find 51 165 1999
found 166
find 51 170 1999
find 51 170 1999
find 51 170 1999
find 51 170 1999
found 184
find 35 74 1999
find 35 74 1999
found 76
find 123 68 1999
find 123 68 1999
find 123 68 1999
find 123 68 1999
found 72
find 16 45 1999
find 16 45 1999
find 16 45 1999
found 51
find 44 163 1999
find 44 163 1999
find 44 163 1999
find 44 163 1999
found 163
find 196 142 1999
find 196 142 1999
find 196 142 1999
find 196 142 1999
found 145
find 186 131 1999
find 186 131 1999
find 186 131 1999
found 135
find 163 12 1999
find 163 12 1999
find 163 12 1999
find 163 12 1999
found 13
find 123 100 1999
find 123 100 1999
find 123 100 1999
find 123 100 1999
find 123 100 1999
found 101
find 97 69 1999
find 97 69 1999
find 97 69 1999
find 97 69 1999
found 72
find 13 107 1999
find 13 107 1999
find 13 107 1999
found 123
find 209 108 1999
find 209 108 1999
find 209 108 1999
found 123
find 44 195 1999
find 44 195 1999
find 44 195 1999
found 196
find 146 212 1999
find 146 212 1999
find 146 212 1999
find 146 212 1999
found 212
find 146 207 1999
find 146 207 1999
find 146 207 1999
found 207
find 0 58 1999
find 0 58 1999
find 0 58 1999
found 72
find 207 36 1999
find 207 36 1999
find 207 36 1999
found 40
find 40 90 1999
find 40 90 1999
find 40 90 1999
found 97
find 186 168 1999
find 186 168 1999
find 186 168 1999
find 186 168 1999
find 186 168 1999
found 184
find 101 64 1999
find 101 64 1999
find 101 64 1999
found 72
find 51 156 1999
find 51 156 1999
find 51 156 1999
find 51 156 1999
found 163
find 251 23 1999
find 251 23 1999
find 251 23 1999
found 35
find 184 62 1999
find 184 62 1999
find 184 62 1999
find 184 62 1999
found 72
find 184 19 1999
find 184 19 1999
find 184 19 1999
find 184 19 1999
found 35
find 146 113 1999
find 146 113 1999
find 146 113 1999
found 123
find 44 254 1999
find 44 254 1999
find 44 254 1999
found 0
find 8 233 1999
find 8 233 1999
find 8 233 1999
find 8 233 1999
found 238
find 13 56 1999
find 13 56 1999
found 72
find 16 55 1999
find 16 55 1999
found 72
find 8 189 1999
find 8 189 1999
find 8 189 1999
find 8 189 1999
found 196
find 72 159 1999
find 72 159 1999
find 72 159 1999
found 163
find 224 93 1999
find 224 93 1999
find 224 93 1999
find 224 93 1999
found 97
find 224 31 1999
find 224 31 1999
find 224 31 1999
found 35
find 212 221 1999
found 224
find 35 96 1999
find 35 96 1999
find 35 96 1999
found 97
find 246 138 1999
find 246 138 1999
find 246 138 1999
found 145
find 238 218 1999
find 238 218 1999
find 238 218 1999
find 238 218 1999
found 224
find 35 238 1999
find 35 238 1999
find 35 238 1999
find 35 238 1999
find 35 238 1999
find 35 238 1999
found 238
find 51 78 1999
find 51 78 1999
find 51 78 1999
found 84
find 209 47 1999
find 209 47 1999
find 209 47 1999
found 51
find 212 46 1999
find 212 46 1999
find 212 46 1999
found 51
find 0 179 1999
find 0 179 1999
find 0 179 1999
find 0 179 1999
found 184
find 226 120 1999
find 226 120 1999
found 123
find 184 200 1999
find 184 200 1999
found 207
find 76 169 1999
find 76 169 1999
find 76 169 1999
find 76 169 1999
found 184
find 224 111 1999
find 224 111 1999
find 224 111 1999
found 123
find 186 246 1999
find 186 246 1999
find 186 246 1999
found 246
find 16 177 1999
find 16 177 1999
find 16 177 1999
find 16 177 1999
found 184
find 226 199 1999
find 226 199 1999
find 226 199 1999
find 226 199 1999
find 226 199 1999
found 207
find 207 3 1999
find 207 3 1999
find 207 3 1999
found 8
find 209 141 1999
find 209 141 1999
find 209 141 1999
find 209 141 1999
found 145
find 135 30 1999
find 135 30 1999
find 135 30 1999
found 35
find 84 209 1999
find 84 209 1999
find 84 209 1999
find 84 209 1999
found 209
found 207
find 163 166 1999
found 166
find 89 214 1999
find 89 214 1999
find 89 214 1999
find 89 214 1999
found 224
find 226 43 1999
find 226 43 1999
find 226 43 1999
found 44
find 238 182 1999
find 238 182 1999
find 238 182 1999
find 238 182 1999
found 184
find 123 247 1999
find 123 247 1999
find 123 247 1999
find 123 247 1999
found 251
find 0 63 1999
find 0 63 1999
find 0 63 1999
found 72
find 212 16 1999
find 212 16 1999
find 212 16 1999
find 212 16 1999
found 16
find 13 243 1999
find 13 243 1999
find 13 243 1999
find 13 243 1999
find 13 243 1999
found 246
find 251 196 1999
find 251 196 1999
find 251 196 1999
find 251 196 1999
find 251 196 1999
found 196
find 101 244 1999
find 101 244 1999
found 246
find 84 145 1999
find 84 145 1999
find 84 145 1999
found 145
find 128 91 1999
find 128 91 1999
find 128 91 1999
find 128 91 1999
found 107
find 0 225 1999
find 0 225 1999
find 0 225 1999
found 229
find 54 203 1999
find 54 203 1999
found 229
find 38 51 1999
find 38 51 1999
found 54
find 22 4 1999
find 22 4 1999
find 22 4 1999
find 22 4 1999
find 22 4 1999
found 6
find 200 213 1999
found 229
find 200 99 1999
find 200 99 1999
found 107
find 6 222 1999
find 6 222 1999
find 6 222 1999
found 229
find 54 157 1999
find 54 157 1999
find 54 157 1999
found 157
find 56 153 1999
find 56 153 1999
find 56 153 1999
found 153
find 176 83 1999
find 176 83 1999
find 176 83 1999
found 89
find 39 240 1999
find 39 240 1999
find 39 240 1999
find 39 240 1999
found 242
find 65 255 1999
find 65 255 1999
find 65 255 1999
find 65 255 1999
found 255
find 176 5 1999
find 176 5 1999
find 176 5 1999
find 176 5 1999
found 6
find 163 77 1999
find 163 77 1999
find 163 77 1999
find 163 77 1999
found 89
find 200 64 1999
find 200 64 1999
find 200 64 1999
find 200 64 1999
found 65
find 0 32 1999
find 0 32 1999
find 0 32 1999
found 32
find 33 88 1999
find 33 88 1999
found 89
found 133
find 33 15 1999
find 33 15 1999
find 33 15 1999
find 33 15 1999
find 33 15 1999
found 22
find 163 142 1999
find 163 142 1999
find 163 142 1999
find 163 142 1999
find 163 142 1999
found 153
find 133 244 1999
find 133 244 1999
find 133 244 1999
find 133 244 1999
found 255
find 242 50 1999
find 242 50 1999
find 242 50 1999
find 242 50 1999
found 54
find 61 31 1999
find 61 31 1999
find 61 31 1999
find 61 31 1999
find 61 31 1999
found 32
find 33 165 1999
find 33 165 1999
find 33 165 1999
found 167
find 56 229 1999
find 56 229 1999
found 229
find 61 27 1999
find 61 27 1999
find 61 27 1999
find 61 27 1999
find 61 27 1999
found 32
find 255 189 1999
find 255 189 1999
find 255 189 1999
find 255 189 1999
found 200
find 176 18 1999
find 176 18 1999
find 176 18 1999
find 176 18 1999
found 22
find 157 188 1999
find 157 188 1999
found 200
find 255 175 1999
find 255 175 1999
find 255 175 1999
find 255 175 1999
found 176
found 6
find 129 78 1999
find 129 78 1999
find 129 78 1999
find 129 78 1999
find 129 78 1999
found 89
find 65 226 1999
find 65 226 1999
found 229
find 255 173 1999
find 255 173 1999
find 255 173 1999
find 255 173 1999
found 176
find 176 123 1999
find 176 123 1999
find 176 123 1999
find 176 123 1999
found 125
find 89 104 1999
found 107
find 238 186 1999
find 238 186 1999
find 238 186 1999
find 238 186 1999
found 200
find 107 54 1999
find 107 54 1999
find 107 54 1999
find 107 54 1999
find 107 54 1999
found 54
find 89 126 1999
find 89 126 1999
found 128
find 157 10 1999
find 157 10 1999
find 157 10 1999
found 10
find 255 205 1999
find 255 205 1999
find 255 205 1999
found 229
find 129 102 1999
find 129 102 1999
find 129 102 1999
found 107
find 33 89 1999
find 33 89 1999
found 89
find 107 190 1999
find 107 190 1999
found 200
find 153 194 1999
find 153 194 1999
found 200
find 167 44 1999
find 167 44 1999
found 54
find 61 183 1999
find 61 183 1999
find 61 183 1999
find 61 183 1999
found 200
find 238 35 1999
find 238 35 1999
find 238 35 1999
find 238 35 1999
found 38
find 239 28 1999
find 239 28 1999
find 239 28 1999
found 32
find 0 212 1999
find 0 212 1999
find 0 212 1999
found 229
find 22 155 1999
find 22 155 1999
found 157
find 157 238 1999
find 157 238 1999
found 238
find 229 103 1999
find 229 103 1999
find 229 103 1999
found 107
find 38 160 1999
find 38 160 1999
find 38 160 1999
find 38 160 1999
found 163
find 128 38 1999
find 128 38 1999
find 128 38 1999
find 128 38 1999
found 38
find 6 56 1999
find 6 56 1999
find 6 56 1999
found 56
find 200 206 1999
found 229
find 157 84 1999
find 157 84 1999
find 157 84 1999
found 89
find 229 254 1999
find 229 254 1999
find 229 254 1999
found 255
find 167 81 1999
find 167 81 1999
find 167 81 1999
find 167 81 1999
found 89
find 23 63 1999
find 23 63 1999
find 23 63 1999
found 65
found 163
find 0 156 1999
find 0 156 1999
find 0 156 1999
found 157
find 38 121 1999
find 38 121 1999
found 125
find 23 216 1999
find 23 216 1999
find 23 216 1999
found 229
find 23 40 1999
find 23 40 1999
found 54
find 176 144 1999
find 176 144 1999
find 176 144 1999
find 176 144 1999
found 153
find 10 202 1999
find 10 202 1999
find 10 202 1999
found 229
find 129 147 1999
find 129 147 1999
found 153
find 153 100 1999
find 153 100 1999
find 153 100 1999
find 153 100 1999
found 107
find 239 14 1999
find 239 14 1999
find 239 14 1999
found 22
find 157 219 1999
find 157 219 1999
found 229
find 54 180 1999
find 54 180 1999
find 54 180 1999
find 54 180 1999
found 200
find 61 111 1999
find 61 111 1999
found 125
find 54 249 1999
find 54 249 1999
find 54 249 1999
find 54 249 1999
found 255
find 176 53 1999
find 176 53 1999
find 176 53 1999
find 176 53 1999
find 176 53 1999
found 54
find 39 75 1999
find 39 75 1999
find 39 75 1999
found 89
find 32 76 1999
find 32 76 1999
found 89
find 0 178 1999
find 0 178 1999
find 0 178 1999
find 0 178 1999
found 200
find 32 79 1999
find 32 79 1999
found 89
find 38 116 1999
find 38 116 1999
found 125
find 133 214 1999
find 133 214 1999
found 229
find 128 52 1999
find 128 52 1999
find 128 52 1999
find 128 52 1999
find 128 52 1999
found 54
find 33 237 1999
find 33 237 1999
find 33 237 1999
found 238
find 153 33 1999
find 153 33 1999
found 33
find 133 48 1999
find 133 48 1999
find 133 48 1999
find 133 48 1999
found 54
find 129 112 1999
find 129 112 1999
find 129 112 1999
find 129 112 1999
found 125
find 242 26 1999
find 242 26 1999
find 242 26 1999
found 32
find 238 191 1999
find 238 191 1999
find 238 191 1999
find 238 191 1999
found 200
find 32 119 1999
find 32 119 1999
found 125
find 129 193 1999
find 129 193 1999
find 129 193 1999
found 200
find 163 21 1999
find 163 21 1999
find 163 21 1999
find 163 21 1999
found 22
find 229 230 1999
found 238
find 164 159 1999
find 164 159 1999
find 164 159 1999
find 164 159 1999
find 164 159 1999
found 163
find 229 239 1999
find 229 239 1999
found 239
find 229 109 1999
find 229 109 1999
found 125
find 32 66 1999
find 32 66 1999
found 89
find 10 163 1999
find 10 163 1999
find 10 163 1999
found 163
find 163 233 1999
find 163 233 1999
found 238
find 22 169 1999
find 22 169 1999
find 22 169 1999
find 22 169 1999
found 176
find 6 92 1999
find 6 92 1999
found 107
find 89 2 1999
find 89 2 1999
find 89 2 1999
find 89 2 1999
found 6
find 229 1 1999
find 229 1 1999
find 229 1 1999
found 6
find 229 166 1999
find 229 166 1999
find 229 166 1999
find 229 166 1999
find 229 166 1999
found 167
find 23 141 1999
find 23 141 1999
find 23 141 1999
find 23 141 1999
found 153
find 242 118 1999
find 242 118 1999
find 242 118 1999
find 242 118 1999
found 125
find 65 232 1999
find 65 232 1999
find 65 232 1999
found 238
find 133 69 1999
find 133 69 1999
find 133 69 1999
find 133 69 1999
find 133 69 1999
found 89
find 242 0 1999
find 242 0 1999
found 0
find 200 98 1999
find 200 98 1999
found 107
find 157 234 1999
find 157 234 1999
found 238
find 23 150 1999
find 23 150 1999
find 23 150 1999
find 23 150 1999
found 153
find 10 13 1999
found 22
find 163 195 1999
find 163 195 1999
found 200
find 61 204 1999
find 61 204 1999
found 229
find 0 93 1999
find 0 93 1999
find 0 93 1999
found 107
find 163 252 1999
find 163 252 1999
find 163 252 1999
find 163 252 1999
found 255
find 39 23 1999
find 39 23 1999
find 39 23 1999
find 39 23 1999
found 23
find 22 177 1999
find 22 177 1999
find 22 177 1999
found 200
find 0 139 1999
find 0 139 1999
find 0 139 1999
found 153
find 0 227 1999
find 0 227 1999
find 0 227 1999
found 229
find 133 42 1999
find 133 42 1999
find 133 42 1999
find 133 42 1999
found 54
find 125 134 1999
find 125 134 1999
found 153
find 56 192 1999
find 56 192 1999
find 56 192 1999
find 56 192 1999
found 200
find 33 73 1999
find 33 73 1999
found 89
find 200 12 1999
find 200 12 1999
found 22
find 125 196 1999
find 125 196 1999
find 125 196 1999
found 200
