find 222 3 1999
find 222 3 1999
found 3
find 170 254 1999
find 170 254 1999
find 170 254 1999
found 0
find 83 207 1999
find 83 207 1999
find 83 207 1999
found 222
find 159 98 1999
find 159 98 1999
find 159 98 1999
find 159 98 1999
found 103
find 95 172 1999
find 95 172 1999
find 95 172 1999
find 95 172 1999
found 183
find 148 225 1999
find 148 225 1999
found 239
found 47
find 170 124 1999
find 170 124 1999
find 170 124 1999
find 170 124 1999
found 125
find 103 150 1999
find 103 150 1999
find 103 150 1999
find 103 150 1999
found 159
find 169 156 1999
find 169 156 1999
find 169 156 1999
find 169 156 1999
find 169 156 1999
find 169 156 1999
found 159
find 0 60 1999
find 0 60 1999
find 0 60 1999
find 0 60 1999
found 65
find 95 214 1999
find 95 214 1999
find 95 214 1999
found 222
found 169
find 83 173 1999
find 83 173 1999
find 83 173 1999
find 83 173 1999
found 183
find 125 221 1999
find 125 221 1999
find 125 221 1999
found 222
find 28 117 1999
find 28 117 1999
find 28 117 1999
found 125
find 3 151 1999
find 3 151 1999
find 3 151 1999
find 3 151 1999
found 159
found 47
find 95 48 1999
find 95 48 1999
find 95 48 1999
found 52
find 28 36 1999
found 47
find 250 138 1999
find 250 138 1999
found 142
find 103 132 1999
find 103 132 1999
found 142
find 28 131 1999
find 28 131 1999
find 28 131 1999
found 142
find 250 130 1999
find 250 130 1999
found 142
find 148 66 1999
find 148 66 1999
find 148 66 1999
found 83
find 83 58 1999
find 83 58 1999
find 83 58 1999
find 83 58 1999
find 83 58 1999
found 65
find 169 26 1999
find 169 26 1999
find 169 26 1999
find 169 26 1999
found 28
find 170 16 1999
find 170 16 1999
find 170 16 1999
find 170 16 1999
found 28
find 170 219 1999
find 170 219 1999
found 222
find 28 162 1999
find 28 162 1999
found 169
find 47 64 1999
find 47 64 1999
find 47 64 1999
found 65
find 159 9 1999
find 159 9 1999
find 159 9 1999
find 159 9 1999
found 28
find 53 209 1999
find 53 209 1999
found 222
find 28 230 1999
find 28 230 1999
find 28 230 1999
found 239
find 47 111 1999
find 47 111 1999
find 47 111 1999
found 125
find 0 127 1999
find 0 127 1999
find 0 127 1999
find 0 127 1999
found 142
find 169 78 1999
find 169 78 1999
find 169 78 1999
found 83
find 65 165 1999
find 65 165 1999
find 65 165 1999
found 169
find 95 49 1999
find 95 49 1999
find 95 49 1999
found 52
find 47 59 1999
find 47 59 1999
find 47 59 1999
found 65
find 149 144 1999
find 149 144 1999
find 149 144 1999
find 149 144 1999
found 148
find 169 242 1999
find 169 242 1999
found 250
find 149 92 1999
find 149 92 1999
find 149 92 1999
find 149 92 1999
found 95
find 159 212 1999
find 159 212 1999
found 222
find 52 177 1999
find 52 177 1999
find 52 177 1999
find 52 177 1999
find 52 177 1999
found 183
find 95 163 1999
find 95 163 1999
found 169
find 183 141 1999
find 183 141 1999
find 183 141 1999
find 183 141 1999
found 142
find 53 56 1999
found 65
find 125 86 1999
find 125 86 1999
find 125 86 1999
find 125 86 1999
found 95
find 159 195 1999
find 159 195 1999
found 222
find 52 206 1999
find 52 206 1999
found 222
find 170 166 1999
find 170 166 1999
find 170 166 1999
find 170 166 1999
found 169
find 250 118 1999
find 250 118 1999
find 250 118 1999
found 125
find 53 42 1999
find 53 42 1999
find 53 42 1999
find 53 42 1999
found 47
find 125 1 1999
find 125 1 1999
found 3
find 222 252 1999
find 222 252 1999
find 222 252 1999
found 0
find 159 121 1999
find 159 121 1999
find 159 121 1999
find 159 121 1999
found 125
find 250 62 1999
find 250 62 1999
find 250 62 1999
find 250 62 1999
find 250 62 1999
found 65
find 95 105 1999
find 95 105 1999
found 125
find 169 185 1999
find 169 185 1999
found 222
found 250
find 52 134 1999
find 52 134 1999
found 142
find 95 222 1999
find 95 222 1999
find 95 222 1999
found 222
found 183
find 65 31 1999
find 65 31 1999
find 65 31 1999
find 65 31 1999
found 47
found 28
find 103 57 1999
find 103 57 1999
find 103 57 1999
find 103 57 1999
find 103 57 1999
found 65
find 95 29 1999
find 95 29 1999
find 95 29 1999
found 47
find 95 196 1999
find 95 196 1999
find 95 196 1999
found 222
find 159 199 1999
find 159 199 1999
found 222
find 142 14 1999
find 142 14 1999
find 142 14 1999
find 142 14 1999
found 28
find 103 226 1999
find 103 226 1999
find 103 226 1999
found 239
find 65 72 1999
found 83
find 142 83 1999
find 142 83 1999
find 142 83 1999
found 83
find 3 96 1999
find 3 96 1999
find 3 96 1999
found 103
find 183 211 1999
found 222
find 65 71 1999
found 83
find 0 82 1999
find 0 82 1999
found 83
find 142 189 1999
find 142 189 1999
found 222
find 53 213 1999
find 53 213 1999
found 222
find 159 112 1999
find 159 112 1999
find 159 112 1999
find 159 112 1999
found 125
find 47 120 1999
find 47 120 1999
find 47 120 1999
found 125
find 53 97 1999
find 53 97 1999
found 103
find 28 164 1999
find 28 164 1999
found 169
find 170 76 1999
find 170 76 1999
find 170 76 1999
found 83
find 0 188 1999
find 0 188 1999
find 0 188 1999
found 222
find 169 15 1999
find 169 15 1999
find 169 15 1999
find 169 15 1999
found 28
find 95 203 1999
find 95 203 1999
find 95 203 1999
found 222
find 239 167 1999
find 239 167 1999
find 239 167 1999
found 169
find 28 89 1999
find 28 89 1999
find 28 89 1999
found 95
found 47
find 125 17 1999
find 125 17 1999
find 125 17 1999
found 28
find 95 231 1999
find 95 231 1999
find 95 231 1999
found 239
find 148 33 1999
find 148 33 1999
found 47
find 183 241 1999
find 183 241 1999
find 183 241 1999
found 250
find 183 228 1999
find 183 228 1999
found 239
find 239 249 1999
found 250
find 239 23 1999
find 239 23 1999
find 239 23 1999
found 28
find 142 7 1999
find 142 7 1999
find 142 7 1999
find 142 7 1999
found 28
find 169 157 1999
find 169 157 1999
find 169 157 1999
find 169 157 1999
find 169 157 1999
find 169 157 1999
found 159
find 103 229 1999
find 103 229 1999
find 103 229 1999
found 239
find 148 27 1999
find 148 27 1999
find 148 27 1999
find 148 27 1999
found 28
find 53 235 1999
find 53 235 1999
find 53 235 1999
found 239
find 159 99 1999
find 159 99 1999
find 159 99 1999
find 159 99 1999
found 103
find 83 190 1999
find 83 190 1999
find 83 190 1999
found 222
find 0 215 1999
find 0 215 1999
find 0 215 1999
found 222
find 148 174 1999
find 148 174 1999
find 148 174 1999
found 183
find 28 88 1999
find 28 88 1999
find 28 88 1999
found 95
find 103 171 1999
find 103 171 1999
find 103 171 1999
found 183
find 142 5 1999
find 142 5 1999
find 142 5 1999
find 142 5 1999
found 28
find 250 73 1999
find 250 73 1999
found 83
find 65 67 1999
found 83
find 142 55 1999
find 142 55 1999
find 142 55 1999
find 142 55 1999
find 142 55 1999
found 65
find 28 143 1999
find 28 143 1999
find 28 143 1999
found 148
find 222 46 1999
find 222 46 1999
find 222 46 1999
found 47
find 53 122 1999
find 53 122 1999
find 53 122 1999
found 125
find 159 191 1999
find 159 191 1999
found 222
find 3 24 1999
found 28
find 222 140 1999
find 222 140 1999
find 222 140 1999
found 142
find 142 168 1999
find 142 168 1999
found 169
find 125 6 1999
find 125 6 1999
find 125 6 1999
found 28
find 53 217 1999
find 53 217 1999
found 222
find 95 179 1999
find 95 179 1999
find 95 179 1999
find 95 179 1999
found 183
find 83 61 1999
find 83 61 1999
find 83 61 1999
find 83 61 1999
find 83 61 1999
found 65
find 149 227 1999
find 149 227 1999
found 239
find 95 69 1999
find 95 69 1999
find 95 69 1999
find 95 69 1999
found 83
find 83 159 1999
find 83 159 1999
find 83 159 1999
found 159
find 142 147 1999
found 148
find 201 140 1999
find 201 140 1999
find 201 140 1999
find 201 140 1999
found 166
find 119 215 1999
find 119 215 1999
find 119 215 1999
found 218
find 97 235 1999
find 97 235 1999
found 238
find 201 150 1999
find 201 150 1999
find 201 150 1999
find 201 150 1999
found 166
find 246 57 1999
find 246 57 1999
find 246 57 1999
found 73
find 49 11 1999
find 49 11 1999
find 49 11 1999
found 39
find 114 43 1999
find 114 43 1999
find 114 43 1999
found 49
find 49 78 1999
find 49 78 1999
found 92
find 114 210 1999
find 114 210 1999
find 114 210 1999
found 218
find 0 21 1999
found 39
find 49 114 1999
find 49 114 1999
find 49 114 1999
find 49 114 1999
found 114
find 166 195 1999
find 166 195 1999
found 201
find 92 244 1999
find 92 244 1999
find 92 244 1999
found 245
find 49 2 1999
find 49 2 1999
find 49 2 1999
found 39
find 56 137 1999
find 56 137 1999
find 56 137 1999
find 56 137 1999
found 166
find 201 19 1999
find 201 19 1999
find 201 19 1999
found 39
find 49 104 1999
find 49 104 1999
find 49 104 1999
find 49 104 1999
found 114
find 231 22 1999
find 231 22 1999
found 39
find 39 62 1999
find 39 62 1999
find 39 62 1999
found 73
find 238 193 1999
find 238 193 1999
find 238 193 1999
found 201
find 56 110 1999
find 56 110 1999
find 56 110 1999
find 56 110 1999
found 114
find 99 24 1999
find 99 24 1999
find 99 24 1999
found 39
find 0 191 1999
find 0 191 1999
find 0 191 1999
found 201
find 201 237 1999
find 201 237 1999
find 201 237 1999
found 238
find 246 111 1999
find 246 111 1999
find 246 111 1999
find 246 111 1999
find 246 111 1999
found 114
find 92 39 1999
find 92 39 1999
find 92 39 1999
found 39
find 39 175 1999
find 39 175 1999
find 39 175 1999
found 176
find 166 240 1999
find 166 240 1999
find 166 240 1999
found 245
find 119 29 1999
find 119 29 1999
found 39
find 245 42 1999
find 245 42 1999
found 49
find 49 1 1999
find 49 1 1999
find 49 1 1999
found 39
find 73 3 1999
find 73 3 1999
find 73 3 1999
find 73 3 1999
found 39
find 49 98 1999
find 49 98 1999
find 49 98 1999
found 98
find 218 247 1999
find 218 247 1999
find 218 247 1999
found 0
find 114 7 1999
find 114 7 1999
find 114 7 1999
found 39
find 201 30 1999
find 201 30 1999
find 201 30 1999
found 39
find 49 171 1999
find 49 171 1999
find 49 171 1999
found 176
find 0 103 1999
find 0 103 1999
find 0 103 1999
find 0 103 1999
find 0 103 1999
found 114
find 231 213 1999
find 231 213 1999
find 231 213 1999
find 231 213 1999
found 218
find 231 182 1999
find 231 182 1999
find 231 182 1999
find 231 182 1999
found 186
find 119 145 1999
found 166
find 97 190 1999
find 97 190 1999
find 97 190 1999
found 201
find 231 146 1999
find 231 146 1999
find 231 146 1999
found 166
find 119 198 1999
find 119 198 1999
found 201
find 246 52 1999
find 246 52 1999
find 246 52 1999
found 55
find 114 82 1999
find 114 82 1999
find 114 82 1999
find 114 82 1999
found 92
find 39 188 1999
find 39 188 1999
find 39 188 1999
found 201
find 201 222 1999
find 201 222 1999
found 231
find 201 177 1999
find 201 177 1999
find 201 177 1999
find 201 177 1999
found 186
find 186 16 1999
find 186 16 1999
found 39
find 114 163 1999
find 114 163 1999
found 166
find 218 130 1999
find 218 130 1999
find 218 130 1999
find 218 130 1999
found 166
find 55 119 1999
find 55 119 1999
find 55 119 1999
found 119
find 73 155 1999
find 73 155 1999
find 73 155 1999
found 166
find 92 36 1999
find 92 36 1999
find 92 36 1999
found 39
found 73
find 245 249 1999
find 245 249 1999
found 0
find 186 95 1999
find 186 95 1999
find 186 95 1999
found 97
find 186 6 1999
find 186 6 1999
found 39
find 218 93 1999
find 218 93 1999
found 97
find 73 121 1999
find 73 121 1999
find 73 121 1999
found 166
find 245 156 1999
find 245 156 1999
found 166
find 176 211 1999
find 176 211 1999
found 218
find 186 28 1999
find 186 28 1999
found 39
find 201 55 1999
find 201 55 1999
find 201 55 1999
found 55
find 119 13 1999
find 119 13 1999
found 39
find 98 74 1999
find 98 74 1999
find 98 74 1999
find 98 74 1999
found 92
find 98 94 1999
find 98 94 1999
find 98 94 1999
find 98 94 1999
find 98 94 1999
found 97
find 245 228 1999
find 245 228 1999
find 245 228 1999
find 245 228 1999
found 231
find 0 192 1999
find 0 192 1999
find 0 192 1999
found 201
find 56 26 1999
find 56 26 1999
find 56 26 1999
found 39
find 55 248 1999
find 55 248 1999
find 55 248 1999
find 55 248 1999
find 55 248 1999
found 0
find 39 253 1999
find 39 253 1999
find 39 253 1999
find 39 253 1999
found 0
find 231 131 1999
find 231 131 1999
find 231 131 1999
found 166
find 98 181 1999
find 98 181 1999
find 98 181 1999
found 186
find 73 238 1999
find 73 238 1999
find 73 238 1999
find 73 238 1999
found 238
find 98 174 1999
find 98 174 1999
found 176
find 0 101 1999
find 0 101 1999
find 0 101 1999
find 0 101 1999
find 0 101 1999
found 114
find 92 47 1999
find 92 47 1999
find 92 47 1999
found 49
find 238 136 1999
find 238 136 1999
find 238 136 1999
found 166
find 201 71 1999
find 201 71 1999
find 201 71 1999
find 201 71 1999
found 73
find 186 63 1999
find 186 63 1999
find 186 63 1999
find 186 63 1999
find 186 63 1999
found 73
find 92 161 1999
find 92 161 1999
find 92 161 1999
found 166
find 97 116 1999
find 97 116 1999
found 119
find 97 233 1999
find 97 233 1999
found 238
find 119 255 1999
find 119 255 1999
find 119 255 1999
find 119 255 1999
find 119 255 1999
found 0
find 176 99 1999
find 176 99 1999
find 176 99 1999
find 176 99 1999
find 176 99 1999
found 99
find 92 106 1999
find 92 106 1999
find 92 106 1999
found 114
find 218 20 1999
find 218 20 1999
found 39
find 99 56 1999
find 99 56 1999
find 99 56 1999
find 99 56 1999
found 56
find 166 53 1999
find 166 53 1999
find 166 53 1999
found 55
find 186 158 1999
find 186 158 1999
find 186 158 1999
find 186 158 1999
found 166
find 238 48 1999
find 238 48 1999
found 49
find 97 166 1999
find 97 166 1999
find 97 166 1999
found 166
find 201 102 1999
find 201 102 1999
find 201 102 1999
find 201 102 1999
find 201 102 1999
found 114
find 92 151 1999
find 92 151 1999
find 92 151 1999
found 166
find 246 212 1999
find 246 212 1999
find 246 212 1999
find 246 212 1999
found 218
find 39 173 1999
find 39 173 1999
find 39 173 1999
found 176
find 166 45 1999
find 166 45 1999
found 49
find 218 230 1999
found 231
find 73 117 1999
find 73 117 1999
found 119
find 97 32 1999
find 97 32 1999
find 97 32 1999
found 39
find 201 172 1999
find 201 172 1999
find 201 172 1999
found 176
find 201 186 1999
find 201 186 1999
find 201 186 1999
find 201 186 1999
found 186
find 114 67 1999
find 114 67 1999
find 114 67 1999
find 114 67 1999
found 73
find 231 120 1999
find 231 120 1999
find 231 120 1999
found 166
find 0 165 1999
find 0 165 1999
find 0 165 1999
find 0 165 1999
found 166
find 97 46 1999
find 97 46 1999
find 97 46 1999
found 49
find 73 76 1999
found 92
find 39 203 1999
find 39 203 1999
find 39 203 1999
found 218
find 218 54 1999
find 218 54 1999
find 218 54 1999
found 55
find 99 223 1999
find 99 223 1999
find 99 223 1999
find 99 223 1999
found 231
find 55 143 1999
find 55 143 1999
found 166
find 0 152 1999
find 0 152 1999
find 0 152 1999
find 0 152 1999
found 166
find 97 153 1999
find 97 153 1999
find 97 153 1999
found 166
find 218 201 1999
find 218 201 1999
find 218 201 1999
find 218 201 1999
found 201
find 114 5 1999
find 114 5 1999
find 114 5 1999
found 39
find 99 44 1999
find 99 44 1999
find 99 44 1999
found 49
find 238 217 1999
find 238 217 1999
find 238 217 1999
find 238 217 1999
found 218
find 73 38 1999
find 73 38 1999
find 73 38 1999
find 73 38 1999
found 39
find 201 128 1999
find 201 128 1999
find 201 128 1999
find 201 128 1999
found 166
find 201 15 1999
find 201 15 1999
find 201 15 1999
found 39
find 49 220 1999
find 49 220 1999
find 49 220 1999
found 231
find 201 69 1999
find 201 69 1999
find 201 69 1999
find 201 69 1999
found 73
find 166 91 1999
find 166 91 1999
find 166 91 1999
found 92
find 166 35 1999
find 166 35 1999
find 166 35 1999
found 39
find 231 4 1999
find 231 4 1999
found 39
find 186 251 1999
find 186 251 1999
find 186 251 1999
find 186 251 1999
found 0
find 222 121 1999
find 222 121 1999
find 222 121 1999
found 124
find 111 117 1999
found 124
find 222 157 1999
find 222 157 1999
find 222 157 1999
find 222 157 1999
found 165
find 252 98 1999
find 252 98 1999
found 107
find 0 251 1999
find 0 251 1999
find 0 251 1999
find 0 251 1999
find 0 251 1999
found 252
find 165 95 1999
find 165 95 1999
find 165 95 1999
found 107
find 9 99 1999
find 9 99 1999
found 107
find 0 188 1999
find 0 188 1999
find 0 188 1999
found 194
find 111 148 1999
find 111 148 1999
found 165
find 124 187 1999
find 124 187 1999
find 124 187 1999
found 194
find 246 13 1999
find 246 13 1999
find 246 13 1999
found 14
find 246 176 1999
find 246 176 1999
find 246 176 1999
found 184
find 252 171 1999
find 252 171 1999
find 252 171 1999
found 184
find 218 84 1999
find 218 84 1999
find 218 84 1999
found 107
find 66 216 1999
find 66 216 1999
found 218
find 165 12 1999
find 165 12 1999
find 165 12 1999
find 165 12 1999
found 14
find 22 248 1999
find 22 248 1999
find 22 248 1999
find 22 248 1999
found 252
find 165 212 1999
find 165 212 1999
find 165 212 1999
found 218
find 107 205 1999
find 107 205 1999
find 107 205 1999
found 218
find 6 159 1999
find 6 159 1999
find 6 159 1999
found 165
find 0 151 1999
find 0 151 1999
find 0 151 1999
found 165
find 184 92 1999
find 184 92 1999
found 107
find 22 215 1999
find 22 215 1999
find 22 215 1999
find 22 215 1999
found 218
find 0 143 1999
find 0 143 1999
found 144
find 194 65 1999
find 194 65 1999
find 194 65 1999
found 66
find 124 197 1999
find 124 197 1999
found 218
find 140 46 1999
find 140 46 1999
find 140 46 1999
find 140 46 1999
found 66
find 218 243 1999
find 218 243 1999
found 246
find 124 173 1999
find 124 173 1999
found 184
find 39 183 1999
find 39 183 1999
find 39 183 1999
find 39 183 1999
found 184
find 35 51 1999
find 35 51 1999
found 66
find 9 122 1999
find 9 122 1999
find 9 122 1999
found 124
found 140
find 165 210 1999
find 165 210 1999
find 165 210 1999
found 218
find 246 147 1999
find 246 147 1999
find 246 147 1999
find 246 147 1999
found 165
find 242 35 1999
find 242 35 1999
found 35
found 140
find 124 222 1999
find 124 222 1999
find 124 222 1999
found 222
find 9 101 1999
find 9 101 1999
found 107
find 39 252 1999
find 39 252 1999
find 39 252 1999
find 39 252 1999
find 39 252 1999
found 252
find 222 186 1999
find 222 186 1999
find 222 186 1999
found 194
find 0 44 1999
find 0 44 1999
find 0 44 1999
found 66
find 218 34 1999
find 218 34 1999
find 218 34 1999
find 218 34 1999
found 35
find 111 156 1999
find 111 156 1999
found 165
find 252 9 1999
find 252 9 1999
found 9
find 252 127 1999
find 252 127 1999
found 140
found 140
find 6 144 1999
find 6 144 1999
found 144
find 66 253 1999
find 66 253 1999
find 66 253 1999
find 66 253 1999
found 0
find 22 52 1999
find 22 52 1999
found 66
find 246 103 1999
find 246 103 1999
found 107
find 9 69 1999
find 9 69 1999
found 107
find 218 136 1999
find 218 136 1999
find 218 136 1999
found 140
find 140 60 1999
find 140 60 1999
find 140 60 1999
find 140 60 1999
found 66
found 66
find 111 240 1999
find 111 240 1999
find 111 240 1999
find 111 240 1999
found 242
find 165 246 1999
find 165 246 1999
found 246
find 194 109 1999
find 194 109 1999
find 194 109 1999
found 111
find 111 181 1999
find 111 181 1999
find 111 181 1999
found 184
find 252 36 1999
find 252 36 1999
found 39
find 9 190 1999
find 9 190 1999
find 9 190 1999
found 194
find 39 218 1999
find 39 218 1999
find 39 218 1999
found 218
find 246 37 1999
find 246 37 1999
find 246 37 1999
found 39
find 22 77 1999
find 22 77 1999
found 107
find 184 119 1999
find 184 119 1999
find 184 119 1999
find 184 119 1999
found 124
find 14 20 1999
found 22
find 246 234 1999
find 246 234 1999
find 246 234 1999
find 246 234 1999
find 246 234 1999
found 242
find 9 17 1999
find 9 17 1999
found 22
find 39 6 1999
find 39 6 1999
find 39 6 1999
find 39 6 1999
found 6
find 35 102 1999
find 35 102 1999
found 107
find 22 70 1999
find 22 70 1999
found 107
find 194 45 1999
find 194 45 1999
find 194 45 1999
found 66
find 165 177 1999
found 184
find 246 3 1999
find 246 3 1999
found 6
find 246 67 1999
find 246 67 1999
found 107
find 246 49 1999
find 246 49 1999
find 246 49 1999
found 66
find 124 100 1999
find 124 100 1999
find 124 100 1999
found 107
find 124 244 1999
find 124 244 1999
find 124 244 1999
found 246
find 6 219 1999
find 6 219 1999
find 6 219 1999
found 222
find 140 0 1999
find 140 0 1999
find 140 0 1999
found 0
find 66 39 1999
find 66 39 1999
find 66 39 1999
find 66 39 1999
find 66 39 1999
found 39
find 111 62 1999
find 111 62 1999
find 111 62 1999
find 111 62 1999
found 66
find 66 145 1999
find 66 145 1999
find 66 145 1999
found 165
find 107 214 1999
find 107 214 1999
find 107 214 1999
found 218
find 6 226 1999
find 6 226 1999
find 6 226 1999
find 6 226 1999
found 242
find 184 239 1999
find 184 239 1999
find 184 239 1999
found 242
find 140 160 1999
find 140 160 1999
found 165
find 242 29 1999
find 242 29 1999
found 35
find 124 195 1999
find 124 195 1999
found 218
find 6 116 1999
find 6 116 1999
find 6 116 1999
found 124
find 124 189 1999
find 124 189 1999
find 124 189 1999
found 194
find 35 110 1999
find 35 110 1999
found 111
find 194 203 1999
found 218
find 140 255 1999
find 140 255 1999
find 140 255 1999
found 0
find 246 221 1999
find 246 221 1999
find 246 221 1999
find 246 221 1999
found 222
find 0 47 1999
find 0 47 1999
find 0 47 1999
found 66
find 194 114 1999
find 194 114 1999
find 194 114 1999
find 194 114 1999
found 124
find 218 26 1999
find 218 26 1999
find 218 26 1999
find 218 26 1999
found 35
find 107 139 1999
find 107 139 1999
found 140
find 6 108 1999
find 6 108 1999
found 111
find 194 48 1999
find 194 48 1999
find 194 48 1999
found 66
find 39 132 1999
find 39 132 1999
find 39 132 1999
found 140
find 140 18 1999
find 140 18 1999
found 22
find 184 82 1999
find 184 82 1999
found 107
find 194 68 1999
find 194 68 1999
found 107
find 140 123 1999
find 140 123 1999
find 140 123 1999
find 140 123 1999
found 124
find 111 24 1999
find 111 24 1999
find 111 24 1999
found 35
find 6 208 1999
find 6 208 1999
find 6 208 1999
find 6 208 1999
found 218
find 194 115 1999
find 194 115 1999
find 194 115 1999
find 194 115 1999
found 124
find 124 40 1999
find 124 40 1999
find 124 40 1999
find 124 40 1999
found 66
find 124 19 1999
find 124 19 1999
find 124 19 1999
found 22
find 194 133 1999
find 194 133 1999
find 194 133 1999
find 194 133 1999
found 140
find 111 50 1999
find 111 50 1999
find 111 50 1999
find 111 50 1999
found 66
find 246 134 1999
find 246 134 1999
found 140
find 107 254 1999
find 107 254 1999
find 107 254 1999
found 0
find 111 201 1999
find 111 201 1999
find 111 201 1999
found 218
find 222 245 1999
find 222 245 1999
found 246
find 14 55 1999
find 14 55 1999
find 14 55 1999
found 66
find 22 250 1999
find 22 250 1999
find 22 250 1999
find 22 250 1999
found 252
find 39 211 1999
find 39 211 1999
find 39 211 1999
found 218
find 222 178 1999
find 222 178 1999
find 222 178 1999
find 222 178 1999
found 184
find 124 213 1999
find 124 213 1999
found 218
find 165 192 1999
find 165 192 1999
found 194
find 252 154 1999
find 252 154 1999
find 252 154 1999
find 252 154 1999
found 165
find 6 225 1999
find 6 225 1999
find 6 225 1999
find 6 225 1999
found 242
find 194 73 1999
find 194 73 1999
found 107
find 66 182 1999
find 66 182 1999
find 66 182 1999
found 184
find 66 142 1999
find 66 142 1999
found 144
find 198 79 1999
find 198 79 1999
find 198 79 1999
find 198 79 1999
found 80
find 39 246 1999
find 39 246 1999
find 39 246 1999
found 0
find 144 159 1999
find 144 159 1999
found 162
find 116 140 1999
find 116 140 1999
find 116 140 1999
found 144
find 4 92 1999
find 4 92 1999
found 109
find 144 207 1999
find 144 207 1999
find 144 207 1999
found 208
find 162 242 1999
find 162 242 1999
found 0
find 127 58 1999
find 127 58 1999
find 127 58 1999
find 127 58 1999
found 80
find 39 234 1999
find 39 234 1999
find 39 234 1999
found 0
find 162 38 1999
find 162 38 1999
find 162 38 1999
find 162 38 1999
found 39
find 0 117 1999
find 0 117 1999
find 0 117 1999
found 122
find 208 253 1999
find 208 253 1999
found 0
find 33 235 1999
find 33 235 1999
find 33 235 1999
found 0
find 162 83 1999
find 162 83 1999
find 162 83 1999
found 109
found 233
find 33 12 1999
find 33 12 1999
find 33 12 1999
find 33 12 1999
find 33 12 1999
found 12
find 122 81 1999
find 122 81 1999
find 122 81 1999
found 109
find 233 199 1999
find 233 199 1999
find 233 199 1999
found 205
find 4 116 1999
find 4 116 1999
find 4 116 1999
found 116
find 164 42 1999
find 164 42 1999
found 80
find 13 154 1999
find 13 154 1999
find 13 154 1999
found 156
find 162 18 1999
find 162 18 1999
find 162 18 1999
find 162 18 1999
found 33
find 156 114 1999
find 156 114 1999
find 156 114 1999
found 116
find 0 88 1999
find 0 88 1999
found 109
find 130 170 1999
find 130 170 1999
find 130 170 1999
found 198
find 39 44 1999
found 80
find 205 130 1999
find 205 130 1999
find 205 130 1999
find 205 130 1999
found 130
found 0
find 39 85 1999
find 39 85 1999
found 109
find 130 63 1999
find 130 63 1999
find 130 63 1999
found 80
find 144 87 1999
find 144 87 1999
find 144 87 1999
found 109
find 12 206 1999
find 12 206 1999
find 12 206 1999
find 12 206 1999
found 208
find 130 200 1999
find 130 200 1999
found 205
find 80 10 1999
find 80 10 1999
find 80 10 1999
find 80 10 1999
found 12
find 4 13 1999
find 4 13 1999
found 13
find 205 1 1999
find 205 1 1999
found 4
find 205 39 1999
find 205 39 1999
find 205 39 1999
found 39
find 12 120 1999
find 12 120 1999
find 12 120 1999
found 122
find 198 151 1999
find 198 151 1999
find 198 151 1999
found 151
find 127 31 1999
find 127 31 1999
find 127 31 1999
find 127 31 1999
found 33
find 233 105 1999
find 233 105 1999
found 109
find 12 56 1999
find 12 56 1999
find 12 56 1999
found 80
find 80 241 1999
find 80 241 1999
find 80 241 1999
found 0
find 109 247 1999
find 109 247 1999
find 109 247 1999
found 0
find 116 232 1999
find 116 232 1999
find 116 232 1999
found 233
find 116 5 1999
find 116 5 1999
find 116 5 1999
found 12
find 162 250 1999
find 162 250 1999
found 0
find 162 237 1999
find 162 237 1999
found 0
find 208 212 1999
found 233
find 33 204 1999
find 33 204 1999
find 33 204 1999
found 205
find 198 228 1999
find 198 228 1999
found 233
find 80 95 1999
found 109
find 144 255 1999
find 144 255 1999
find 144 255 1999
found 0
find 198 59 1999
find 198 59 1999
find 198 59 1999
find 198 59 1999
found 80
find 12 123 1999
find 12 123 1999
find 12 123 1999
find 12 123 1999
found 127
find 4 177 1999
find 4 177 1999
find 4 177 1999
find 4 177 1999
found 198
find 12 36 1999
find 12 36 1999
found 39
find 109 111 1999
found 116
find 122 252 1999
find 122 252 1999
find 122 252 1999
found 0
find 116 231 1999
find 116 231 1999
find 116 231 1999
found 233
find 0 101 1999
find 0 101 1999
found 109
find 162 227 1999
find 162 227 1999
find 162 227 1999
found 233
find 80 183 1999
find 80 183 1999
find 80 183 1999
find 80 183 1999
found 198
find 130 29 1999
find 130 29 1999
find 130 29 1999
find 130 29 1999
found 33
find 208 53 1999
find 208 53 1999
find 208 53 1999
found 80
find 130 164 1999
find 130 164 1999
found 164
find 12 239 1999
find 12 239 1999
find 12 239 1999
find 12 239 1999
found 0
find 39 20 1999
find 39 20 1999
find 39 20 1999
find 39 20 1999
found 33
find 39 9 1999
find 39 9 1999
find 39 9 1999
find 39 9 1999
find 39 9 1999
found 12
find 151 153 1999
found 156
find 13 131 1999
find 13 131 1999
find 13 131 1999
find 13 131 1999
find 13 131 1999
found 144
find 39 189 1999
find 39 189 1999
find 39 189 1999
find 39 189 1999
find 39 189 1999
found 198
find 208 4 1999
find 208 4 1999
found 4
find 33 143 1999
find 33 143 1999
find 33 143 1999
find 33 143 1999
found 144
find 122 196 1999
find 122 196 1999
find 122 196 1999
found 198
find 109 43 1999
find 109 43 1999
find 109 43 1999
find 109 43 1999
found 80
find 144 209 1999
find 144 209 1999
found 233
find 233 138 1999
find 233 138 1999
find 233 138 1999
find 233 138 1999
found 144
find 4 182 1999
find 4 182 1999
find 4 182 1999
find 4 182 1999
found 198
find 205 149 1999
find 205 149 1999
find 205 149 1999
found 151
find 0 162 1999
find 0 162 1999
find 0 162 1999
find 0 162 1999
found 162
find 13 62 1999
find 13 62 1999
find 13 62 1999
found 80
find 162 167 1999
find 162 167 1999
found 198
find 127 71 1999
find 127 71 1999
find 127 71 1999
find 127 71 1999
found 80
find 208 142 1999
find 208 142 1999
find 208 142 1999
find 208 142 1999
find 208 142 1999
found 144
find 127 100 1999
find 127 100 1999
find 127 100 1999
found 109
find 156 65 1999
find 156 65 1999
find 156 65 1999
found 80
find 39 135 1999
find 39 135 1999
find 39 135 1999
find 39 135 1999
found 144
find 144 171 1999
find 144 171 1999
find 144 171 1999
found 198
find 12 106 1999
find 12 106 1999
found 109
find 151 220 1999
find 151 220 1999
find 151 220 1999
found 233
find 151 125 1999
find 151 125 1999
find 151 125 1999
find 151 125 1999
found 127
find 130 139 1999
found 144
find 109 178 1999
find 109 178 1999
find 109 178 1999
find 109 178 1999
found 198
find 116 197 1999
find 116 197 1999
find 116 197 1999
find 116 197 1999
found 198
found 144
find 208 72 1999
find 208 72 1999
find 208 72 1999
found 80
find 205 118 1999
find 205 118 1999
find 205 118 1999
found 122
find 233 185 1999
find 233 185 1999
find 233 185 1999
find 233 185 1999
find 233 185 1999
found 198
found 198
find 156 108 1999
find 156 108 1999
find 156 108 1999
found 109
find 156 229 1999
find 156 229 1999
find 156 229 1999
found 233
find 198 132 1999
find 198 132 1999
find 198 132 1999
find 198 132 1999
find 198 132 1999
found 144
find 198 112 1999
find 198 112 1999
find 198 112 1999
found 116
find 4 68 1999
find 4 68 1999
found 80
find 12 15 1999
find 12 15 1999
found 33
find 233 25 1999
find 233 25 1999
find 233 25 1999
found 33
find 13 90 1999
find 13 90 1999
found 109
find 162 136 1999
find 162 136 1999
find 162 136 1999
find 162 136 1999
find 162 136 1999
found 144
find 130 224 1999
find 130 224 1999
find 130 224 1999
found 233
found 233
find 80 107 1999
found 109
find 151 8 1999
find 151 8 1999
find 151 8 1999
find 151 8 1999
found 12
find 0 186 1999
find 0 186 1999
find 0 186 1999
find 0 186 1999
found 198
find 205 128 1999
find 205 128 1999
find 205 128 1999
find 205 128 1999
found 130
find 122 179 1999
find 122 179 1999
find 122 179 1999
found 198
find 39 61 1999
found 80
find 122 51 1999
find 122 51 1999
find 122 51 1999
find 122 51 1999
found 80
find 116 205 1999
find 116 205 1999
found 205
find 116 30 1999
find 116 30 1999
find 116 30 1999
find 116 30 1999
found 33
find 198 127 1999
find 198 127 1999
find 198 127 1999
find 198 127 1999
found 127
find 198 155 1999
find 198 155 1999
find 198 155 1999
find 198 155 1999
found 156
find 156 122 1999
find 156 122 1999
find 156 122 1999
find 156 122 1999
found 122
find 0 230 1999
find 0 230 1999
find 0 230 1999
find 0 230 1999
found 233
find 4 67 1999
find 4 67 1999
found 80
find 116 70 1999
find 116 70 1999
find 116 70 1999
find 116 70 1999
found 80
find 0 113 1999
find 0 113 1999
find 0 113 1999
found 116
find 4 175 1999
find 4 175 1999
find 4 175 1999
find 4 175 1999
found 198
find 201 120 1999
find 201 120 1999
found 120
find 121 205 1999
find 121 205 1999
find 121 205 1999
found 213
find 63 198 1999
find 63 198 1999
found 201
find 63 101 1999
find 63 101 1999
found 120
find 253 165 1999
find 253 165 1999
find 253 165 1999
found 178
find 178 96 1999
find 178 96 1999
find 178 96 1999
found 120
find 63 105 1999
find 63 105 1999
found 120
find 80 255 1999
find 80 255 1999
find 80 255 1999
found 0
find 213 51 1999
find 213 51 1999
find 213 51 1999
found 63
find 3 113 1999
find 3 113 1999
found 120
find 120 161 1999
find 120 161 1999
found 178
find 201 231 1999
find 201 231 1999
found 253
find 33 171 1999
find 33 171 1999
find 33 171 1999
found 178
find 33 225 1999
find 33 225 1999
find 33 225 1999
find 33 225 1999
found 225
find 120 151 1999
find 120 151 1999
find 120 151 1999
find 120 151 1999
found 159
find 0 214 1999
find 0 214 1999
find 0 214 1999
found 216
find 192 246 1999
find 192 246 1999
found 253
find 216 77 1999
find 216 77 1999
find 216 77 1999
find 216 77 1999
found 80
find 120 179 1999
find 120 179 1999
find 120 179 1999
found 192
find 143 102 1999
find 143 102 1999
find 143 102 1999
find 143 102 1999
found 120
find 145 20 1999
find 145 20 1999
find 145 20 1999
find 145 20 1999
found 23
find 253 192 1999
find 253 192 1999
find 253 192 1999
found 192
find 139 183 1999
find 139 183 1999
found 192
find 33 177 1999
find 33 177 1999
find 33 177 1999
found 178
find 192 157 1999
find 192 157 1999
find 192 157 1999
found 159
find 201 143 1999
find 201 143 1999
find 201 143 1999
find 201 143 1999
found 143
find 63 212 1999
find 63 212 1999
find 63 212 1999
found 213
find 80 139 1999
find 80 139 1999
find 80 139 1999
found 139
find 50 168 1999
find 50 168 1999
find 50 168 1999
found 178
find 201 217 1999
find 201 217 1999
find 201 217 1999
found 225
find 143 82 1999
find 143 82 1999
find 143 82 1999
find 143 82 1999
found 120
find 50 150 1999
find 50 150 1999
find 50 150 1999
find 50 150 1999
find 50 150 1999
found 159
found 178
find 33 80 1999
find 33 80 1999
find 33 80 1999
found 80
find 139 254 1999
find 139 254 1999
find 139 254 1999
found 0
found 178
find 33 164 1999
find 33 164 1999
find 33 164 1999
found 178
find 216 118 1999
find 216 118 1999
find 216 118 1999
found 120
find 33 3 1999
find 33 3 1999
find 33 3 1999
find 33 3 1999
found 3
find 0 190 1999
find 0 190 1999
find 0 190 1999
found 192
find 121 233 1999
find 121 233 1999
find 121 233 1999
found 253
find 253 201 1999
find 253 201 1999
find 253 201 1999
find 253 201 1999
found 201
find 80 58 1999
find 80 58 1999
find 80 58 1999
find 80 58 1999
found 63
find 120 220 1999
find 120 220 1999
find 120 220 1999
find 120 220 1999
found 225
find 50 230 1999
find 50 230 1999
find 50 230 1999
find 50 230 1999
found 253
find 50 4 1999
find 50 4 1999
find 50 4 1999
find 50 4 1999
found 23
find 139 146 1999
find 139 146 1999
find 139 146 1999
found 159
find 50 94 1999
find 50 94 1999
found 120
find 3 236 1999
find 3 236 1999
find 3 236 1999
find 3 236 1999
found 253
find 159 174 1999
found 178
find 178 23 1999
find 178 23 1999
find 178 23 1999
found 23
find 120 155 1999
find 120 155 1999
find 120 155 1999
find 120 155 1999
found 159
find 216 181 1999
find 216 181 1999
find 216 181 1999
find 216 181 1999
found 192
find 23 55 1999
find 23 55 1999
found 63
find 192 61 1999
find 192 61 1999
find 192 61 1999
find 192 61 1999
found 63
found 216
find 201 116 1999
find 201 116 1999
found 120
find 23 67 1999
find 23 67 1999
found 80
find 3 141 1999
find 3 141 1999
found 143
find 192 203 1999
find 192 203 1999
found 213
find 225 111 1999
find 225 111 1999
find 225 111 1999
found 120
find 34 2 1999
find 34 2 1999
find 34 2 1999
find 34 2 1999
found 3
find 121 93 1999
find 121 93 1999
find 121 93 1999
find 121 93 1999
found 120
find 225 41 1999
find 225 41 1999
find 225 41 1999
found 50
find 216 240 1999
find 216 240 1999
found 253
find 23 27 1999
found 33
find 201 159 1999
find 201 159 1999
find 201 159 1999
found 159
find 145 142 1999
find 145 142 1999
find 145 142 1999
find 145 142 1999
found 143
find 50 235 1999
find 50 235 1999
find 50 235 1999
find 50 235 1999
found 253
find 33 191 1999
find 33 191 1999
found 192
find 34 28 1999
find 34 28 1999
find 34 28 1999
find 34 28 1999
found 33
find 63 162 1999
find 63 162 1999
find 63 162 1999
found 178
find 253 72 1999
find 253 72 1999
found 80
found 139
find 143 52 1999
find 143 52 1999
find 143 52 1999
found 63
find 34 107 1999
find 34 107 1999
found 120
find 34 173 1999
find 34 173 1999
find 34 173 1999
found 178
find 216 60 1999
find 216 60 1999
find 216 60 1999
found 63
find 34 196 1999
find 34 196 1999
find 34 196 1999
found 201
find 145 50 1999
find 145 50 1999
find 145 50 1999
find 145 50 1999
found 50
found 201
find 159 185 1999
find 159 185 1999
found 192
find 23 35 1999
find 23 35 1999
find 23 35 1999
found 50
find 33 153 1999
find 33 153 1999
find 33 153 1999
find 33 153 1999
find 33 153 1999
found 159
find 34 48 1999
found 50
find 145 211 1999
find 145 211 1999
find 145 211 1999
found 213
find 143 226 1999
find 143 226 1999
find 143 226 1999
found 253
find 23 29 1999
found 33
find 50 188 1999
find 50 188 1999
found 192
find 0 38 1999
find 0 38 1999
find 0 38 1999
found 50
find 213 245 1999
find 213 245 1999
found 253
found 253
find 80 210 1999
find 80 210 1999
find 80 210 1999
find 80 210 1999
found 213
find 216 57 1999
find 216 57 1999
find 216 57 1999
found 63
find 34 97 1999
find 34 97 1999
found 120
find 143 121 1999
find 143 121 1999
find 143 121 1999
found 121
find 213 54 1999
find 213 54 1999
find 213 54 1999
found 63
find 120 227 1999
find 120 227 1999
find 120 227 1999
found 253
find 216 85 1999
find 216 85 1999
find 216 85 1999
found 120
find 253 144 1999
find 253 144 1999
find 253 144 1999
found 145
find 33 110 1999
find 33 110 1999
found 120
find 63 46 1999
find 63 46 1999
find 63 46 1999
find 63 46 1999
find 63 46 1999
found 50
find 63 31 1999
find 63 31 1999
find 63 31 1999
find 63 31 1999
found 33
find 0 135 1999
find 0 135 1999
find 0 135 1999
find 0 135 1999
found 139
find 178 117 1999
find 178 117 1999
find 178 117 1999
found 120
find 120 37 1999
find 120 37 1999
find 120 37 1999
find 120 37 1999
found 50
find 145 104 1999
find 145 104 1999
find 145 104 1999
find 145 104 1999
found 120
find 192 13 1999
find 192 13 1999
find 192 13 1999
found 23
found 213
find 143 69 1999
find 143 69 1999
find 143 69 1999
found 80
find 143 24 1999
find 143 24 1999
found 33
find 33 207 1999
find 33 207 1999
find 33 207 1999
found 213
find 201 158 1999
find 201 158 1999
find 201 158 1999
found 159
find 178 98 1999
find 178 98 1999
find 178 98 1999
found 120
find 0 32 1999
find 0 32 1999
found 33
find 139 167 1999
find 139 167 1999
found 178
find 121 6 1999
find 121 6 1999
find 121 6 1999
found 23
find 63 129 1999
find 63 129 1999
find 63 129 1999
found 139
find 0 53 1999
find 0 53 1999
find 0 53 1999
found 63
find 159 30 1999
find 159 30 1999
find 159 30 1999
find 159 30 1999
found 33
find 213 228 1999
find 213 228 1999
found 253
find 63 247 1999
find 63 247 1999
find 63 247 1999
found 253
find 216 68 1999
find 216 68 1999
find 216 68 1999
find 216 68 1999
found 80
find 80 9 1999
find 80 9 1999
find 80 9 1999
find 80 9 1999
found 23
find 225 137 1999
find 225 137 1999
find 225 137 1999
found 139
find 3 119 1999
find 3 119 1999
found 120
find 253 130 1999
find 253 130 1999
find 253 130 1999
find 253 130 1999
found 139
find 253 99 1999
find 253 99 1999
find 253 99 1999
found 120
