j 172
p 172 0
successor 0 0 172,0,0,0,0,0,0,0 0 1 2 3 4 5 6 7 8 9 10 11 12 13 14 15 16 17 18 19 20 21 22 23 24 25 26 27 28 29 30 31 32 33 34 35 36 37 38 39 40 41 42 43 44 45 46 47 48 49 50 51 52 53 54 55 56 57 58 59 60 61 62 63 64 65 66 67 68 69 70 71 72 73 74 75 76 77 78 79 80 81 82 83 84 85 86 87 88 89 90 91 92 93 94 95 96 97 98 99 100 101 102 103 104 105 106 107 108 109 110 111 112 113 114 115 116 117 118 119 120 121 122 123 124 125 126 127 128 129 130 131 132 133 134 135 136 137 138 139 140 141 142 143 144 145 146 147 148 149 150 151 152 153 154 155 156 157 158 159 160 161 162 163 164 165 166 167 168 169 170 171 172 173 174 175 176 177 178 179 180 181 182 183 184 185 186 187 188 189 190 191 192 193 194 195 196 197 198 199 200 201 202 203 204 205 206 207 208 209 210 211 212 213 214 215 216 217 218 219 220 221 222 223 224 225 226 227 228 229 230 231 232 233 234 235 236 237 238 239 240 241 242 243 244 245 246 247 248 249 250 251 252 253 254 255
p 172 0
i 44 7 172
i 44 7 172
finished 0
u 172 7
j 16
j 16
p 16 0
p 16 0
successor 0 172 0,0,0,0,0,0,0,172 0 1 2 3 4 5 6 7 8 9 10 11 12 13 14 15 16 17 18 19 20 21 22 23 24 25 26 27 28 29 30 31 32 33 34 35 36 37 38 39 40 41 42 43 44 45 46 47 48 49 50 51 52 53 54 55 56 57 58 59 60 61 62 63 64 65 66 67 68 69 70 71 72 73 74 75 76 77 78 79 80 81 82 83 84 85 86 87 88 89 90 91 92 93 94 95 96 97 98 99 100 101 102 103 104 105 106 107 108 109 110 111 112 113 114 115 116 117 118 119 120 121 122 123 124 125 126 127 128 129 130 131 132 133 134 135 136 137 138 139 140 141 142 143 144 145 146 147 148 149 150 151 152 153 154 155 156 157 158 159 160 161 162 163 164 165 166 167 168 169 170 171 172 173 174 175 176 177 178 179 180 181 182 183 184 185 186 187 188 189 190 191 192 193 194 195 196 197 198 199 200 201 202 203 204 205 206 207 208 209 210 211 212 213 214 215 216 217 218 219 220 221 222 223 224 225 226 227 228 229 230 231 232 233 234 235 236 237 238 239 240 241 242 243 244 245 246 247 248 249 250 251 252 253 254 255
finished 0
j 204
p 204 172
finished 0
successor 172 0 16,16,16,16,16,172,172,172 1 2 3 4 5 6 7 8 9 10 11 12 13 14 15 16 17 18 19 20 21 22 23 24 25 26 27 28 29 30 31 32 33 34 35 36 37 38 39 40 41 42 43 44 45 46 47 48 49 50 51 52 53 54 55 56 57 58 59 60 61 62 63 64 65 66 67 68 69 70 71 72 73 74 75 76 77 78 79 80 81 82 83 84 85 86 87 88 89 90 91 92 93 94 95 96 97 98 99 100 101 102 103 104 105 106 107 108 109 110 111 112 113 114 115 116 117 118 119 120 121 122 123 124 125 126 127 128 129 130 131 132 133 134 135 136 137 138 139 140 141 142 143 144 145 146 147 148 149 150 151 152 153 154 155 156 157 158 159 160 161 162 163 164 165 166 167 168 169 170 171 172
i 12 6 204
i 76 7 204
i 12 6 204
i 76 7 204
u 16 6
i 76 7 204
u 172 7
j 231
p 231 204
successor 204 0 16,16,16,16,16,172,172,172 173 174 175 176 177 178 179 180 181 182 183 184 185 186 187 188 189 190 191 192 193 194 195 196 197 198 199 200 201 202 203 204
p 231 204
i 7 5 231
finished 0
i 39 6 231
i 103 7 231
i 7 5 231
i 39 6 231
u 16 5
i 103 7 231
i 39 6 231
i 103 7 231
u 172 6
u 172 7
j 128
j 128
j 128
p 128 16
successor 16 172 204,204,204,204,204,204,0,172 1 2 3 4 5 6 7 8 9 10 11 12 13 14 15 16
p 128 16
i 192 6 128
p 128 16
i 0 7 128
i 192 6 128
p 128 16
u 0 7
i 192 6 128
p 128 16
i 192 6 128
finished 0
u 204 6
j 255
p 255 231
successor 231 0 16,16,16,16,16,128,128,128 205 206 207 208 209 210 211 212 213 214 215 216 217 218 219 220 221 222 223 224 225 226 227 228 229 230 231
p 255 231
i 1 1 255
p 255 231
i 3 2 255
i 7 3 255
i 1 1 255
p 255 231
i 15 4 255
i 3 2 255
i 31 5 255
u 16 1
i 7 3 255
finished 0
i 63 6 255
i 15 4 255
u 16 2
i 127 7 255
i 31 5 255
u 16 3
i 63 6 255
u 16 4
i 127 7 255
i 31 5 255
i 63 6 255
u 128 5
i 127 7 255
u 128 6
u 128 7
j 60
j 60
j 60
p 60 16
successor 16 128 172,172,172,172,172,172,204,0 1 2 3 4 5 6 7 8 9 10 11 12 13 14 15 16
p 60 16
i 188 7 60
p 60 16
i 188 7 60
p 60 16
i 188 7 60
p 60 16
i 188 7 60
p 60 16
u 204 7
finished 0
j 254
j 254
j 254
j 254
j 254
p 254 231
successor 231 255 0,16,16,16,16,60,128,128 205 206 207 208 209 210 211 212 213 214 215 216 217 218 219 220 221 222 223 224 225 226 227 228 229 230 231
p 254 231
i 0 1 254
i 2 2 254
p 254 231
i 6 3 254
u 0 1
i 14 4 254
p 254 231
i 2 2 254
i 30 5 254
i 6 3 254
i 62 6 254
finished 0
u 16 2
i 14 4 254
i 126 7 254
u 16 3
i 30 5 254
u 16 4
i 62 6 254
i 30 5 254
i 126 7 254
i 62 6 254
u 60 5
u 128 6
i 126 7 254
u 128 7
j 27
p 27 0
successor 0 0 27,0,0,0,0,0,0,0 0 1 2 3 4 5 6 7 8 9 10 11 12 13 14 15 16 17 18 19 20 21 22 23 24 25 26 27 28 29 30 31 32 33 34 35 36 37 38 39 40 41 42 43 44 45 46 47 48 49 50 51 52 53 54 55 56 57 58 59 60 61 62 63 64 65 66 67 68 69 70 71 72 73 74 75 76 77 78 79 80 81 82 83 84 85 86 87 88 89 90 91 92 93 94 95 96 97 98 99 100 101 102 103 104 105 106 107 108 109 110 111 112 113 114 115 116 117 118 119 120 121 122 123 124 125 126 127 128 129 130 131 132 133 134 135 136 137 138 139 140 141 142 143 144 145 146 147 148 149 150 151 152 153 154 155 156 157 158 159 160 161 162 163 164 165 166 167 168 169 170 171 172 173 174 175 176 177 178 179 180 181 182 183 184 185 186 187 188 189 190 191 192 193 194 195 196 197 198 199 200 201 202 203 204 205 206 207 208 209 210 211 212 213 214 215 216 217 218 219 220 221 222 223 224 225 226 227 228 229 230 231 232 233 234 235 236 237 238 239 240 241 242 243 244 245 246 247 248 249 250 251 252 253 254 255
finished 0
j 165
p 165 27
successor 27 0 27,27,27,27,27,0,0,0 1 2 3 4 5 6 7 8 9 10 11 12 13 14 15 16 17 18 19 20 21 22 23 24 25 26 27
p 165 27
i 37 7 165
p 165 27
i 37 7 165
finished 0
i 37 7 165
u 165 7
j 201
p 201 165
successor 165 0 27,27,27,27,27,165,165,165 28 29 30 31 32 33 34 35 36 37 38 39 40 41 42 43 44 45 46 47 48 49 50 51 52 53 54 55 56 57 58 59 60 61 62 63 64 65 66 67 68 69 70 71 72 73 74 75 76 77 78 79 80 81 82 83 84 85 86 87 88 89 90 91 92 93 94 95 96 97 98 99 100 101 102 103 104 105 106 107 108 109 110 111 112 113 114 115 116 117 118 119 120 121 122 123 124 125 126 127 128 129 130 131 132 133 134 135 136 137 138 139 140 141 142 143 144 145 146 147 148 149 150 151 152 153 154 155 156 157 158 159 160 161 162 163 164 165
finished 0
i 9 6 201
i 73 7 201
i 9 6 201
i 73 7 201
u 27 6
i 73 7 201
u 165 7
j 56
j 56
j 56
p 56 27
successor 27 165 201,201,201,201,201,201,0,165 1 2 3 4 5 6 7 8 9 10 11 12 13 14 15 16 17 18 19 20 21 22 23 24 25 26 27
p 56 27
i 184 7 56
p 56 27
i 184 7 56
p 56 27
i 184 7 56
finished 0
u 201 7
j 244
p 244 201
successor 201 0 27,27,27,27,27,56,165,165 166 167 168 169 170 171 172 173 174 175 176 177 178 179 180 181 182 183 184 185 186 187 188 189 190 191 192 193 194 195 196 197 198 199 200 201
p 244 201
i 4 4 244
i 20 5 244
finished 0
i 52 6 244
i 4 4 244
i 116 7 244
i 20 5 244
u 27 4
i 52 6 244
i 116 7 244
u 27 5
i 52 6 244
i 116 7 244
u 56 6
u 165 7
j 167
j 167
j 167
p 167 165
successor 165 201 244,244,244,244,244,244,27,165 28 29 30 31 32 33 34 35 36 37 38 39 40 41 42 43 44 45 46 47 48 49 50 51 52 53 54 55 56 57 58 59 60 61 62 63 64 65 66 67 68 69 70 71 72 73 74 75 76 77 78 79 80 81 82 83 84 85 86 87 88 89 90 91 92 93 94 95 96 97 98 99 100 101 102 103 104 105 106 107 108 109 110 111 112 113 114 115 116 117 118 119 120 121 122 123 124 125 126 127 128 129 130 131 132 133 134 135 136 137 138 139 140 141 142 143 144 145 146 147 148 149 150 151 152 153 154 155 156 157 158 159 160 161 162 163 164 165
p 167 165
finished 0
i 231 6 167
i 39 7 167
i 231 6 167
i 39 7 167
i 231 6 167
i 39 7 167
i 231 6 167
u 56 7
u 244 6
j 202
j 202
j 202
j 202
p 202 201
successor 201 244 0,0,0,0,27,27,56,165 166 167 168 169 170 171 172 173 174 175 176 177 178 179 180 181 182 183 184 185 186 187 188 189 190 191 192 193 194 195 196 197 198 199 200 201
p 202 201
i 10 6 202
p 202 201
i 74 7 202
i 10 6 202
finished 0
i 74 7 202
u 27 6
i 74 7 202
u 165 7
j 141
j 141
j 141
p 141 56
successor 56 165 167,167,201,201,201,201,244,56 28 29 30 31 32 33 34 35 36 37 38 39 40 41 42 43 44 45 46 47 48 49 50 51 52 53 54 55 56
p 141 56
i 173 5 141
p 141 56
i 205 6 141
i 13 7 141
i 173 5 141
p 141 56
i 173 5 141
i 205 6 141
i 13 7 141
p 141 56
i 173 5 141
i 205 6 141
u 27 7
p 141 56
u 201 5
i 205 6 141
finished 0
i 205 6 141
i 205 6 141
u 244 6
j 56
p 56 0
successor 0 0 56,0,0,0,0,0,0,0 0 1 2 3 4 5 6 7 8 9 10 11 12 13 14 15 16 17 18 19 20 21 22 23 24 25 26 27 28 29 30 31 32 33 34 35 36 37 38 39 40 41 42 43 44 45 46 47 48 49 50 51 52 53 54 55 56 57 58 59 60 61 62 63 64 65 66 67 68 69 70 71 72 73 74 75 76 77 78 79 80 81 82 83 84 85 86 87 88 89 90 91 92 93 94 95 96 97 98 99 100 101 102 103 104 105 106 107 108 109 110 111 112 113 114 115 116 117 118 119 120 121 122 123 124 125 126 127 128 129 130 131 132 133 134 135 136 137 138 139 140 141 142 143 144 145 146 147 148 149 150 151 152 153 154 155 156 157 158 159 160 161 162 163 164 165 166 167 168 169 170 171 172 173 174 175 176 177 178 179 180 181 182 183 184 185 186 187 188 189 190 191 192 193 194 195 196 197 198 199 200 201 202 203 204 205 206 207 208 209 210 211 212 213 214 215 216 217 218 219 220 221 222 223 224 225 226 227 228 229 230 231 232 233 234 235 236 237 238 239 240 241 242 243 244 245 246 247 248 249 250 251 252 253 254 255
finished 0
j 82
p 82 56
successor 56 0 56,56,56,56,56,56,0,0 1 2 3 4 5 6 7 8 9 10 11 12 13 14 15 16 17 18 19 20 21 22 23 24 25 26 27 28 29 30 31 32 33 34 35 36 37 38 39 40 41 42 43 44 45 46 47 48 49 50 51 52 53 54 55 56
p 82 56
finished 0
j 64
j 64
j 64
p 64 56
successor 56 82 0,0,0,0,0,0,0,0 1 2 3 4 5 6 7 8 9 10 11 12 13 14 15 16 17 18 19 20 21 22 23 24 25 26 27 28 29 30 31 32 33 34 35 36 37 38 39 40 41 42 43 44 45 46 47 48 49 50 51 52 53 54 55 56
p 64 56
i 96 5 64
finished 0
i 128 6 64
i 192 7 64
u 0 5
u 0 6
u 0 7
j 94
p 94 82
successor 82 0 56,56,56,56,56,56,64,0 57 58 59 60 61 62 63 64 65 66 67 68 69 70 71 72 73 74 75 76 77 78 79 80 81 82
p 94 82
p 94 82
p 94 82
finished 0
j 237
p 237 94
successor 94 0 56,56,56,56,56,56,64,0 83 84 85 86 87 88 89 90 91 92 93 94
p 237 94
i 13 5 237
i 45 6 237
i 109 7 237
p 237 94
i 13 5 237
i 45 6 237
p 237 94
i 109 7 237
u 56 5
u 56 6
p 237 94
i 109 7 237
p 237 94
i 109 7 237
finished 0
i 109 7 237
u 237 7
j 91
j 91
j 91
j 91
p 91 82
successor 82 94 237,237,237,237,237,237,237,237 57 58 59 60 61 62 63 64 65 66 67 68 69 70 71 72 73 74 75 76 77 78 79 80 81 82
p 91 82
i 95 2 91
i 99 3 91
p 91 82
i 107 4 91
i 123 5 91
i 95 2 91
i 155 6 91
i 219 7 91
i 99 3 91
p 91 82
i 107 4 91
i 95 2 91
i 123 5 91
i 99 3 91
i 155 6 91
i 107 4 91
i 219 7 91
i 95 2 91
i 123 5 91
p 91 82
i 99 3 91
i 155 6 91
i 107 4 91
i 219 7 91
i 95 2 91
i 123 5 91
i 99 3 91
finished 0
i 155 6 91
i 107 4 91
i 219 7 91
i 95 2 91
i 123 5 91
i 99 3 91
i 155 6 91
i 107 4 91
u 237 2
i 219 7 91
i 123 5 91
u 237 3
i 155 6 91
u 237 4
i 219 7 91
u 237 5
u 237 6
u 237 7
j 83
j 83
j 83
j 83
p 83 82
successor 82 91 94,94,237,237,237,237,237,237 57 58 59 60 61 62 63 64 65 66 67 68 69 70 71 72 73 74 75 76 77 78 79 80 81 82
p 83 82
i 99 4 83
i 115 5 83
p 83 82
i 147 6 83
i 99 4 83
i 211 7 83
p 83 82
i 115 5 83
i 99 4 83
i 147 6 83
i 211 7 83
i 115 5 83
p 83 82
i 99 4 83
i 147 6 83
i 115 5 83
i 211 7 83
finished 0
i 99 4 83
i 147 6 83
i 115 5 83
i 211 7 83
i 99 4 83
i 147 6 83
i 115 5 83
i 211 7 83
u 237 4
i 147 6 83
u 237 5
i 211 7 83
u 237 6
u 237 7
j 202
j 202
j 202
j 202
j 202
j 202
p 202 94
successor 94 237 0,0,0,0,0,56,56,237 83 84 85 86 87 88 89 90 91 92 93 94
p 202 94
i 10 6 202
p 202 94
i 74 7 202
i 10 6 202
p 202 94
i 74 7 202
u 56 6
p 202 94
i 74 7 202
p 202 94
u 82 7
p 202 94
p 202 94
finished 0
j 241
p 241 0
successor 0 0 241,0,0,0,0,0,0,0 0 1 2 3 4 5 6 7 8 9 10 11 12 13 14 15 16 17 18 19 20 21 22 23 24 25 26 27 28 29 30 31 32 33 34 35 36 37 38 39 40 41 42 43 44 45 46 47 48 49 50 51 52 53 54 55 56 57 58 59 60 61 62 63 64 65 66 67 68 69 70 71 72 73 74 75 76 77 78 79 80 81 82 83 84 85 86 87 88 89 90 91 92 93 94 95 96 97 98 99 100 101 102 103 104 105 106 107 108 109 110 111 112 113 114 115 116 117 118 119 120 121 122 123 124 125 126 127 128 129 130 131 132 133 134 135 136 137 138 139 140 141 142 143 144 145 146 147 148 149 150 151 152 153 154 155 156 157 158 159 160 161 162 163 164 165 166 167 168 169 170 171 172 173 174 175 176 177 178 179 180 181 182 183 184 185 186 187 188 189 190 191 192 193 194 195 196 197 198 199 200 201 202 203 204 205 206 207 208 209 210 211 212 213 214 215 216 217 218 219 220 221 222 223 224 225 226 227 228 229 230 231 232 233 234 235 236 237 238 239 240 241 242 243 244 245 246 247 248 249 250 251 252 253 254 255
p 241 0
i 1 4 241
i 17 5 241
i 49 6 241
i 113 7 241
i 1 4 241
finished 0
i 17 5 241
i 49 6 241
u 241 4
i 113 7 241
u 241 5
u 241 6
u 241 7
j 150
j 150
p 150 0
successor 0 241 0,0,0,0,241,241,241,241 0 1 2 3 4 5 6 7 8 9 10 11 12 13 14 15 16 17 18 19 20 21 22 23 24 25 26 27 28 29 30 31 32 33 34 35 36 37 38 39 40 41 42 43 44 45 46 47 48 49 50 51 52 53 54 55 56 57 58 59 60 61 62 63 64 65 66 67 68 69 70 71 72 73 74 75 76 77 78 79 80 81 82 83 84 85 86 87 88 89 90 91 92 93 94 95 96 97 98 99 100 101 102 103 104 105 106 107 108 109 110 111 112 113 114 115 116 117 118 119 120 121 122 123 124 125 126 127 128 129 130 131 132 133 134 135 136 137 138 139 140 141 142 143 144 145 146 147 148 149 150 151 152 153 154 155 156 157 158 159 160 161 162 163 164 165 166 167 168 169 170 171 172 173 174 175 176 177 178 179 180 181 182 183 184 185 186 187 188 189 190 191 192 193 194 195 196 197 198 199 200 201 202 203 204 205 206 207 208 209 210 211 212 213 214 215 216 217 218 219 220 221 222 223 224 225 226 227 228 229 230 231 232 233 234 235 236 237 238 239 240 241 242 243 244 245 246 247 248 249 250 251 252 253 254 255
p 150 0
i 22 7 150
p 150 0
i 22 7 150
finished 0
u 150 7
j 37
j 37
p 37 0
successor 0 150 241,241,241,241,241,241,241,150 0 1 2 3 4 5 6 7 8 9 10 11 12 13 14 15 16 17 18 19 20 21 22 23 24 25 26 27 28 29 30 31 32 33 34 35 36 37 38 39 40 41 42 43 44 45 46 47 48 49 50 51 52 53 54 55 56 57 58 59 60 61 62 63 64 65 66 67 68 69 70 71 72 73 74 75 76 77 78 79 80 81 82 83 84 85 86 87 88 89 90 91 92 93 94 95 96 97 98 99 100 101 102 103 104 105 106 107 108 109 110 111 112 113 114 115 116 117 118 119 120 121 122 123 124 125 126 127 128 129 130 131 132 133 134 135 136 137 138 139 140 141 142 143 144 145 146 147 148 149 150 151 152 153 154 155 156 157 158 159 160 161 162 163 164 165 166 167 168 169 170 171 172 173 174 175 176 177 178 179 180 181 182 183 184 185 186 187 188 189 190 191 192 193 194 195 196 197 198 199 200 201 202 203 204 205 206 207 208 209 210 211 212 213 214 215 216 217 218 219 220 221 222 223 224 225 226 227 228 229 230 231 232 233 234 235 236 237 238 239 240 241 242 243 244 245 246 247 248 249 250 251 252 253 254 255
p 37 0
i 165 7 37
p 37 0
i 165 7 37
finished 0
i 165 7 37
u 241 7
j 204
j 204
j 204
p 204 150
successor 150 241 0,0,0,0,37,37,150,150 1 2 3 4 5 6 7 8 9 10 11 12 13 14 15 16 17 18 19 20 21 22 23 24 25 26 27 28 29 30 31 32 33 34 35 36 37 38 39 40 41 42 43 44 45 46 47 48 49 50 51 52 53 54 55 56 57 58 59 60 61 62 63 64 65 66 67 68 69 70 71 72 73 74 75 76 77 78 79 80 81 82 83 84 85 86 87 88 89 90 91 92 93 94 95 96 97 98 99 100 101 102 103 104 105 106 107 108 109 110 111 112 113 114 115 116 117 118 119 120 121 122 123 124 125 126 127 128 129 130 131 132 133 134 135 136 137 138 139 140 141 142 143 144 145 146 147 148 149 150
p 204 150
i 12 6 204
finished 0
i 76 7 204
i 12 6 204
i 76 7 204
u 37 6
i 76 7 204
u 150 7
j 94
j 94
j 94
p 94 37
successor 37 150 204,204,204,204,204,204,241,37 1 2 3 4 5 6 7 8 9 10 11 12 13 14 15 16 17 18 19 20 21 22 23 24 25 26 27 28 29 30 31 32 33 34 35 36 37
p 94 37
i 158 6 94
i 222 7 94
p 94 37
i 158 6 94
p 94 37
i 222 7 94
i 158 6 94
finished 0
i 222 7 94
u 204 6
i 222 7 94
u 241 7
j 50
j 50
j 50
p 50 37
successor 37 94 150,150,150,150,150,150,204,241 1 2 3 4 5 6 7 8 9 10 11 12 13 14 15 16 17 18 19 20 21 22 23 24 25 26 27 28 29 30 31 32 33 34 35 36 37
p 50 37
i 114 6 50
i 178 7 50
p 50 37
i 114 6 50
p 50 37
i 178 7 50
i 114 6 50
finished 0
i 178 7 50
u 150 6
u 204 7
j 220
j 220
j 220
j 220
p 220 204
successor 204 241 0,0,0,0,37,37,50,150 151 152 153 154 155 156 157 158 159 160 161 162 163 164 165 166 167 168 169 170 171 172 173 174 175 176 177 178 179 180 181 182 183 184 185 186 187 188 189 190 191 192 193 194 195 196 197 198 199 200 201 202 203 204
p 220 204
i 252 5 220
i 28 6 220
i 92 7 220
p 220 204
u 0 5
finished 0
i 28 6 220
i 92 7 220
u 37 6
i 92 7 220
i 92 7 220
u 94 7
j 115
j 115
j 115
p 115 94
successor 94 150 204,204,204,204,204,204,220,37 38 39 40 41 42 43 44 45 46 47 48 49 50 51 52 53 54 55 56 57 58 59 60 61 62 63 64 65 66 67 68 69 70 71 72 73 74 75 76 77 78 79 80 81 82 83 84 85 86 87 88 89 90 91 92 93 94
p 115 94
i 179 6 115
i 243 7 115
p 115 94
i 179 6 115
u 0 7
p 115 94
i 179 6 115
p 115 94
u 204 6
finished 0
j 105
p 105 0
successor 0 0 105,0,0,0,0,0,0,0 0 1 2 3 4 5 6 7 8 9 10 11 12 13 14 15 16 17 18 19 20 21 22 23 24 25 26 27 28 29 30 31 32 33 34 35 36 37 38 39 40 41 42 43 44 45 46 47 48 49 50 51 52 53 54 55 56 57 58 59 60 61 62 63 64 65 66 67 68 69 70 71 72 73 74 75 76 77 78 79 80 81 82 83 84 85 86 87 88 89 90 91 92 93 94 95 96 97 98 99 100 101 102 103 104 105 106 107 108 109 110 111 112 113 114 115 116 117 118 119 120 121 122 123 124 125 126 127 128 129 130 131 132 133 134 135 136 137 138 139 140 141 142 143 144 145 146 147 148 149 150 151 152 153 154 155 156 157 158 159 160 161 162 163 164 165 166 167 168 169 170 171 172 173 174 175 176 177 178 179 180 181 182 183 184 185 186 187 188 189 190 191 192 193 194 195 196 197 198 199 200 201 202 203 204 205 206 207 208 209 210 211 212 213 214 215 216 217 218 219 220 221 222 223 224 225 226 227 228 229 230 231 232 233 234 235 236 237 238 239 240 241 242 243 244 245 246 247 248 249 250 251 252 253 254 255
finished 0
j 60
j 60
p 60 0
successor 0 105 0,0,0,0,0,0,0,0 0 1 2 3 4 5 6 7 8 9 10 11 12 13 14 15 16 17 18 19 20 21 22 23 24 25 26 27 28 29 30 31 32 33 34 35 36 37 38 39 40 41 42 43 44 45 46 47 48 49 50 51 52 53 54 55 56 57 58 59 60 61 62 63 64 65 66 67 68 69 70 71 72 73 74 75 76 77 78 79 80 81 82 83 84 85 86 87 88 89 90 91 92 93 94 95 96 97 98 99 100 101 102 103 104 105 106 107 108 109 110 111 112 113 114 115 116 117 118 119 120 121 122 123 124 125 126 127 128 129 130 131 132 133 134 135 136 137 138 139 140 141 142 143 144 145 146 147 148 149 150 151 152 153 154 155 156 157 158 159 160 161 162 163 164 165 166 167 168 169 170 171 172 173 174 175 176 177 178 179 180 181 182 183 184 185 186 187 188 189 190 191 192 193 194 195 196 197 198 199 200 201 202 203 204 205 206 207 208 209 210 211 212 213 214 215 216 217 218 219 220 221 222 223 224 225 226 227 228 229 230 231 232 233 234 235 236 237 238 239 240 241 242 243 244 245 246 247 248 249 250 251 252 253 254 255
finished 0
i 124 6 60
i 188 7 60
u 0 6
u 0 7
j 179
p 179 105
successor 105 0 60,60,60,60,60,60,105,0 1 2 3 4 5 6 7 8 9 10 11 12 13 14 15 16 17 18 19 20 21 22 23 24 25 26 27 28 29 30 31 32 33 34 35 36 37 38 39 40 41 42 43 44 45 46 47 48 49 50 51 52 53 54 55 56 57 58 59 60 61 62 63 64 65 66 67 68 69 70 71 72 73 74 75 76 77 78 79 80 81 82 83 84 85 86 87 88 89 90 91 92 93 94 95 96 97 98 99 100 101 102 103 104 105
p 179 105
i 51 7 179
i 51 7 179
p 179 105
finished 0
u 60 7
j 172
j 172
j 172
p 172 105
successor 105 179 0,0,0,0,0,0,0,60 1 2 3 4 5 6 7 8 9 10 11 12 13 14 15 16 17 18 19 20 21 22 23 24 25 26 27 28 29 30 31 32 33 34 35 36 37 38 39 40 41 42 43 44 45 46 47 48 49 50 51 52 53 54 55 56 57 58 59 60 61 62 63 64 65 66 67 68 69 70 71 72 73 74 75 76 77 78 79 80 81 82 83 84 85 86 87 88 89 90 91 92 93 94 95 96 97 98 99 100 101 102 103 104 105
p 172 105
i 180 3 172
i 188 4 172
i 204 5 172
i 236 6 172
p 172 105
i 44 7 172
u 0 3
u 0 4
u 0 5
u 0 6
i 44 7 172
finished 0
u 60 7
j 33
j 33
p 33 0
successor 0 60 105,105,105,105,105,105,172,0 0 1 2 3 4 5 6 7 8 9 10 11 12 13 14 15 16 17 18 19 20 21 22 23 24 25 26 27 28 29 30 31 32 33 34 35 36 37 38 39 40 41 42 43 44 45 46 47 48 49 50 51 52 53 54 55 56 57 58 59 60 61 62 63 64 65 66 67 68 69 70 71 72 73 74 75 76 77 78 79 80 81 82 83 84 85 86 87 88 89 90 91 92 93 94 95 96 97 98 99 100 101 102 103 104 105 106 107 108 109 110 111 112 113 114 115 116 117 118 119 120 121 122 123 124 125 126 127 128 129 130 131 132 133 134 135 136 137 138 139 140 141 142 143 144 145 146 147 148 149 150 151 152 153 154 155 156 157 158 159 160 161 162 163 164 165 166 167 168 169 170 171 172 173 174 175 176 177 178 179 180 181 182 183 184 185 186 187 188 189 190 191 192 193 194 195 196 197 198 199 200 201 202 203 204 205 206 207 208 209 210 211 212 213 214 215 216 217 218 219 220 221 222 223 224 225 226 227 228 229 230 231 232 233 234 235 236 237 238 239 240 241 242 243 244 245 246 247 248 249 250 251 252 253 254 255
p 33 0
i 65 5 33
p 33 0
i 97 6 33
i 161 7 33
i 65 5 33
finished 0
i 161 7 33
i 97 6 33
i 65 5 33
i 161 7 33
i 97 6 33
u 172 7
i 65 5 33
i 97 6 33
u 105 5
u 105 6
j 29
j 29
p 29 0
successor 0 33 60,60,60,60,60,105,105,172 0 1 2 3 4 5 6 7 8 9 10 11 12 13 14 15 16 17 18 19 20 21 22 23 24 25 26 27 28 29 30 31 32 33 34 35 36 37 38 39 40 41 42 43 44 45 46 47 48 49 50 51 52 53 54 55 56 57 58 59 60 61 62 63 64 65 66 67 68 69 70 71 72 73 74 75 76 77 78 79 80 81 82 83 84 85 86 87 88 89 90 91 92 93 94 95 96 97 98 99 100 101 102 103 104 105 106 107 108 109 110 111 112 113 114 115 116 117 118 119 120 121 122 123 124 125 126 127 128 129 130 131 132 133 134 135 136 137 138 139 140 141 142 143 144 145 146 147 148 149 150 151 152 153 154 155 156 157 158 159 160 161 162 163 164 165 166 167 168 169 170 171 172 173 174 175 176 177 178 179 180 181 182 183 184 185 186 187 188 189 190 191 192 193 194 195 196 197 198 199 200 201 202 203 204 205 206 207 208 209 210 211 212 213 214 215 216 217 218 219 220 221 222 223 224 225 226 227 228 229 230 231 232 233 234 235 236 237 238 239 240 241 242 243 244 245 246 247 248 249 250 251 252 253 254 255
p 29 0
i 37 3 29
i 45 4 29
p 29 0
i 61 5 29
i 93 6 29
i 157 7 29
i 37 3 29
i 45 4 29
i 61 5 29
finished 0
i 37 3 29
i 93 6 29
i 45 4 29
i 157 7 29
i 61 5 29
u 60 3
i 93 6 29
u 60 4
i 157 7 29
i 61 5 29
i 93 6 29
u 172 7
u 105 5
u 105 6
j 195
p 195 179
successor 179 0 29,29,29,29,29,33,105,172 106 107 108 109 110 111 112 113 114 115 116 117 118 119 120 121 122 123 124 125 126 127 128 129 130 131 132 133 134 135 136 137 138 139 140 141 142 143 144 145 146 147 148 149 150 151 152 153 154 155 156 157 158 159 160 161 162 163 164 165 166 167 168 169 170 171 172 173 174 175 176 177 178 179
p 195 179
i 3 6 195
i 67 7 195
p 195 179
i 67 7 195
p 195 179
i 3 6 195
finished 0
i 67 7 195
u 29 6
i 67 7 195
u 105 7
j 230
p 230 195
successor 195 0 29,29,29,29,29,33,105,172 180 181 182 183 184 185 186 187 188 189 190 191 192 193 194 195
p 230 195
i 6 5 230
i 38 6 230
i 102 7 230
p 230 195
i 6 5 230
i 38 6 230
i 102 7 230
p 230 195
u 29 5
i 38 6 230
finished 0
i 102 7 230
u 60 6
i 102 7 230
u 105 7
