j 5
p 5 0
successor 0 0 5,0,0,0,0,0,0,0 0 1 2 3 4 5 6 7 8 9 10 11 12 13 14 15 16 17 18 19 20 21 22 23 24 25 26 27 28 29 30 31 32 33 34 35 36 37 38 39 40 41 42 43 44 45 46 47 48 49 50 51 52 53 54 55 56 57 58 59 60 61 62 63 64 65 66 67 68 69 70 71 72 73 74 75 76 77 78 79 80 81 82 83 84 85 86 87 88 89 90 91 92 93 94 95 96 97 98 99 100 101 102 103 104 105 106 107 108 109 110 111 112 113 114 115 116 117 118 119 120 121 122 123 124 125 126 127 128 129 130 131 132 133 134 135 136 137 138 139 140 141 142 143 144 145 146 147 148 149 150 151 152 153 154 155 156 157 158 159 160 161 162 163 164 165 166 167 168 169 170 171 172 173 174 175 176 177 178 179 180 181 182 183 184 185 186 187 188 189 190 191 192 193 194 195 196 197 198 199 200 201 202 203 204 205 206 207 208 209 210 211 212 213 214 215 216 217 218 219 220 221 222 223 224 225 226 227 228 229 230 231 232 233 234 235 236 237 238 239 240 241 242 243 244 245 246 247 248 249 250 251 252 253 254 255
finished 0
j 129
p 129 5
successor 5 0 5,5,5,0,0,0,0,0 1 2 3 4 5
p 129 5
i 1 7 129
finished 0
i 1 7 129
u 5 7
j 28
j 28
j 28
p 28 5
successor 5 129 0,0,0,0,0,0,0,5 1 2 3 4 5
p 28 5
i 156 7 28
finished 0
u 0 7
j 74
j 74
j 74
p 74 28
successor 28 129 0,0,0,0,0,0,0,5 6 7 8 9 10 11 12 13 14 15 16 17 18 19 20 21 22 23 24 25 26 27 28
p 74 28
i 138 6 74
i 202 7 74
p 74 28
u 0 6
u 0 7
finished 0
j 247
p 247 129
successor 129 0 5,5,5,28,28,74,74,129 6 7 8 9 10 11 12 13 14 15 16 17 18 19 20 21 22 23 24 25 26 27 28 29 30 31 32 33 34 35 36 37 38 39 40 41 42 43 44 45 46 47 48 49 50 51 52 53 54 55 56 57 58 59 60 61 62 63 64 65 66 67 68 69 70 71 72 73 74 75 76 77 78 79 80 81 82 83 84 85 86 87 88 89 90 91 92 93 94 95 96 97 98 99 100 101 102 103 104 105 106 107 108 109 110 111 112 113 114 115 116 117 118 119 120 121 122 123 124 125 126 127 128 129
p 247 129
p 247 129
i 7 4 247
i 23 5 247
p 247 129
i 55 6 247
i 7 4 247
i 119 7 247
finished 0
i 23 5 247
i 7 4 247
i 55 6 247
i 23 5 247
i 119 7 247
u 28 4
i 55 6 247
i 119 7 247
u 28 5
u 74 6
u 129 7
j 181
j 181
j 181
p 181 129
successor 129 247 0,0,0,0,28,28,74,129 6 7 8 9 10 11 12 13 14 15 16 17 18 19 20 21 22 23 24 25 26 27 28 29 30 31 32 33 34 35 36 37 38 39 40 41 42 43 44 45 46 47 48 49 50 51 52 53 54 55 56 57 58 59 60 61 62 63 64 65 66 67 68 69 70 71 72 73 74 75 76 77 78 79 80 81 82 83 84 85 86 87 88 89 90 91 92 93 94 95 96 97 98 99 100 101 102 103 104 105 106 107 108 109 110 111 112 113 114 115 116 117 118 119 120 121 122 123 124 125 126 127 128 129
p 181 129
p 181 129
i 53 7 181
p 181 129
i 53 7 181
finished 0
i 53 7 181
u 74 7
j 89
j 89
j 89
p 89 74
successor 74 129 181,181,181,181,181,181,247,5 29 30 31 32 33 34 35 36 37 38 39 40 41 42 43 44 45 46 47 48 49 50 51 52 53 54 55 56 57 58 59 60 61 62 63 64 65 66 67 68 69 70 71 72 73 74
p 89 74
i 153 6 89
p 89 74
i 217 7 89
i 153 6 89
p 89 74
i 217 7 89
i 153 6 89
i 217 7 89
p 89 74
u 181 6
i 217 7 89
finished 0
u 247 7
j 151
j 151
j 151
p 151 129
successor 129 181 247,247,247,247,247,247,247,74 6 7 8 9 10 11 12 13 14 15 16 17 18 19 20 21 22 23 24 25 26 27 28 29 30 31 32 33 34 35 36 37 38 39 40 41 42 43 44 45 46 47 48 49 50 51 52 53 54 55 56 57 58 59 60 61 62 63 64 65 66 67 68 69 70 71 72 73 74 75 76 77 78 79 80 81 82 83 84 85 86 87 88 89 90 91 92 93 94 95 96 97 98 99 100 101 102 103 104 105 106 107 108 109 110 111 112 113 114 115 116 117 118 119 120 121 122 123 124 125 126 127 128 129
p 151 129
i 183 5 151
p 151 129
i 215 6 151
i 183 5 151
i 23 7 151
p 151 129
i 215 6 151
i 183 5 151
p 151 129
i 23 7 151
i 215 6 151
finished 0
i 183 5 151
i 23 7 151
i 215 6 151
u 247 5
u 28 7
u 247 6
j 9
j 9
j 9
p 9 5
successor 5 28 74,74,74,74,74,74,129,181 1 2 3 4 5
p 9 5
i 41 5 9
i 73 6 9
p 9 5
i 137 7 9
i 41 5 9
p 9 5
i 73 6 9
i 41 5 9
i 137 7 9
p 9 5
i 73 6 9
u 74 5
i 137 7 9
finished 0
u 74 6
u 151 7
j 4
j 4
p 4 0
p 4 0
successor 0 5 9,9,9,28,28,74,74,151 0 1 2 3 4 5 6 7 8 9 10 11 12 13 14 15 16 17 18 19 20 21 22 23 24 25 26 27 28 29 30 31 32 33 34 35 36 37 38 39 40 41 42 43 44 45 46 47 48 49 50 51 52 53 54 55 56 57 58 59 60 61 62 63 64 65 66 67 68 69 70 71 72 73 74 75 76 77 78 79 80 81 82 83 84 85 86 87 88 89 90 91 92 93 94 95 96 97 98 99 100 101 102 103 104 105 106 107 108 109 110 111 112 113 114 115 116 117 118 119 120 121 122 123 124 125 126 127 128 129 130 131 132 133 134 135 136 137 138 139 140 141 142 143 144 145 146 147 148 149 150 151 152 153 154 155 156 157 158 159 160 161 162 163 164 165 166 167 168 169 170 171 172 173 174 175 176 177 178 179 180 181 182 183 184 185 186 187 188 189 190 191 192 193 194 195 196 197 198 199 200 201 202 203 204 205 206 207 208 209 210 211 212 213 214 215 216 217 218 219 220 221 222 223 224 225 226 227 228 229 230 231 232 233 234 235 236 237 238 239 240 241 242 243 244 245 246 247 248 249 250 251 252 253 254 255
p 4 0
i 6 1 4
i 8 2 4
p 4 0
i 12 3 4
i 6 1 4
i 20 4 4
i 8 2 4
p 4 0
i 36 5 4
i 12 3 4
i 68 6 4
i 20 4 4
finished 0
i 132 7 4
i 36 5 4
i 12 3 4
i 68 6 4
i 20 4 4
i 36 5 4
i 6 1 4
i 132 7 4
i 8 2 4
u 28 3
u 74 5
i 132 7 4
i 68 6 4
i 6 1 4
u 28 4
i 8 2 4
u 151 7
u 9 1
u 74 6
u 9 2
j 11
p 11 0
successor 0 0 11,0,0,0,0,0,0,0 0 1 2 3 4 5 6 7 8 9 10 11 12 13 14 15 16 17 18 19 20 21 22 23 24 25 26 27 28 29 30 31 32 33 34 35 36 37 38 39 40 41 42 43 44 45 46 47 48 49 50 51 52 53 54 55 56 57 58 59 60 61 62 63 64 65 66 67 68 69 70 71 72 73 74 75 76 77 78 79 80 81 82 83 84 85 86 87 88 89 90 91 92 93 94 95 96 97 98 99 100 101 102 103 104 105 106 107 108 109 110 111 112 113 114 115 116 117 118 119 120 121 122 123 124 125 126 127 128 129 130 131 132 133 134 135 136 137 138 139 140 141 142 143 144 145 146 147 148 149 150 151 152 153 154 155 156 157 158 159 160 161 162 163 164 165 166 167 168 169 170 171 172 173 174 175 176 177 178 179 180 181 182 183 184 185 186 187 188 189 190 191 192 193 194 195 196 197 198 199 200 201 202 203 204 205 206 207 208 209 210 211 212 213 214 215 216 217 218 219 220 221 222 223 224 225 226 227 228 229 230 231 232 233 234 235 236 237 238 239 240 241 242 243 244 245 246 247 248 249 250 251 252 253 254 255
finished 0
j 35
p 35 11
successor 11 0 11,11,11,11,0,0,0,0 1 2 3 4 5 6 7 8 9 10 11
p 35 11
finished 0
j 118
p 118 35
successor 35 0 11,11,11,11,35,35,0,0 12 13 14 15 16 17 18 19 20 21 22 23 24 25 26 27 28 29 30 31 32 33 34 35
p 118 35
p 118 35
finished 0
j 167
p 167 118
successor 118 0 11,11,11,11,35,35,118,0 36 37 38 39 40 41 42 43 44 45 46 47 48 49 50 51 52 53 54 55 56 57 58 59 60 61 62 63 64 65 66 67 68 69 70 71 72 73 74 75 76 77 78 79 80 81 82 83 84 85 86 87 88 89 90 91 92 93 94 95 96 97 98 99 100 101 102 103 104 105 106 107 108 109 110 111 112 113 114 115 116 117 118
p 167 118
i 39 7 167
p 167 118
i 39 7 167
p 167 118
i 39 7 167
finished 0
u 118 7
j 4
j 4
p 4 0
successor 0 11 35,35,35,35,35,118,118,167 0 1 2 3 4 5 6 7 8 9 10 11 12 13 14 15 16 17 18 19 20 21 22 23 24 25 26 27 28 29 30 31 32 33 34 35 36 37 38 39 40 41 42 43 44 45 46 47 48 49 50 51 52 53 54 55 56 57 58 59 60 61 62 63 64 65 66 67 68 69 70 71 72 73 74 75 76 77 78 79 80 81 82 83 84 85 86 87 88 89 90 91 92 93 94 95 96 97 98 99 100 101 102 103 104 105 106 107 108 109 110 111 112 113 114 115 116 117 118 119 120 121 122 123 124 125 126 127 128 129 130 131 132 133 134 135 136 137 138 139 140 141 142 143 144 145 146 147 148 149 150 151 152 153 154 155 156 157 158 159 160 161 162 163 164 165 166 167 168 169 170 171 172 173 174 175 176 177 178 179 180 181 182 183 184 185 186 187 188 189 190 191 192 193 194 195 196 197 198 199 200 201 202 203 204 205 206 207 208 209 210 211 212 213 214 215 216 217 218 219 220 221 222 223 224 225 226 227 228 229 230 231 232 233 234 235 236 237 238 239 240 241 242 243 244 245 246 247 248 249 250 251 252 253 254 255
p 4 0
finished 0
i 12 3 4
i 20 4 4
i 36 5 4
i 12 3 4
i 68 6 4
i 132 7 4
i 20 4 4
i 12 3 4
i 36 5 4
i 68 6 4
i 20 4 4
i 132 7 4
u 35 3
i 36 5 4
i 132 7 4
i 68 6 4
u 118 5
u 35 4
u 167 7
u 118 6
j 171
p 171 167
successor 167 0 4,4,4,11,35,35,118,167 119 120 121 122 123 124 125 126 127 128 129 130 131 132 133 134 135 136 137 138 139 140 141 142 143 144 145 146 147 148 149 150 151 152 153 154 155 156 157 158 159 160 161 162 163 164 165 166 167
p 171 167
i 43 7 171
finished 0
i 43 7 171
i 43 7 171
u 118 7
j 21
j 21
j 21
p 21 11
successor 11 35 118,118,118,118,118,118,118,167 1 2 3 4 5 6 7 8 9 10 11
p 21 11
i 37 4 21
i 53 5 21
p 21 11
i 85 6 21
i 37 4 21
i 149 7 21
i 53 5 21
i 37 4 21
p 21 11
i 85 6 21
i 53 5 21
i 149 7 21
u 118 4
p 21 11
i 85 6 21
u 118 5
i 149 7 21
finished 0
u 118 6
u 167 7
j 50
j 50
j 50
p 50 35
successor 35 118 167,167,167,167,167,167,0,0 12 13 14 15 16 17 18 19 20 21 22 23 24 25 26 27 28 29 30 31 32 33 34 35
p 50 35
i 178 7 50
p 50 35
u 0 7
p 50 35
p 50 35
p 50 35
p 50 35
finished 0
j 166
j 166
j 166
p 166 118
successor 118 167 171,171,171,0,0,0,0,50 36 37 38 39 40 41 42 43 44 45 46 47 48 49 50 51 52 53 54 55 56 57 58 59 60 61 62 63 64 65 66 67 68 69 70 71 72 73 74 75 76 77 78 79 80 81 82 83 84 85 86 87 88 89 90 91 92 93 94 95 96 97 98 99 100 101 102 103 104 105 106 107 108 109 110 111 112 113 114 115 116 117 118
p 166 118
i 168 1 166
p 166 118
i 170 2 166
i 174 3 166
i 168 1 166
i 182 4 166
p 166 118
i 198 5 166
i 170 2 166
i 230 6 166
u 0 3
i 38 7 166
i 168 1 166
u 0 4
p 166 118
i 170 2 166
u 0 5
u 171 1
u 0 6
p 166 118
u 171 2
i 38 7 166
p 166 118
i 38 7 166
finished 0
u 50 7
j 153
j 153
j 153
p 153 118
successor 118 166 167,171,171,0,0,0,0,50 36 37 38 39 40 41 42 43 44 45 46 47 48 49 50 51 52 53 54 55 56 57 58 59 60 61 62 63 64 65 66 67 68 69 70 71 72 73 74 75 76 77 78 79 80 81 82 83 84 85 86 87 88 89 90 91 92 93 94 95 96 97 98 99 100 101 102 103 104 105 106 107 108 109 110 111 112 113 114 115 116 117 118
p 153 118
i 169 4 153
p 153 118
i 185 5 153
i 217 6 153
i 25 7 153
i 169 4 153
p 153 118
u 0 5
u 0 6
p 153 118
i 169 4 153
i 25 7 153
p 153 118
i 169 4 153
i 25 7 153
p 153 118
u 171 4
u 35 7
finished 0
j 177
p 177 0
successor 0 0 177,0,0,0,0,0,0,0 0 1 2 3 4 5 6 7 8 9 10 11 12 13 14 15 16 17 18 19 20 21 22 23 24 25 26 27 28 29 30 31 32 33 34 35 36 37 38 39 40 41 42 43 44 45 46 47 48 49 50 51 52 53 54 55 56 57 58 59 60 61 62 63 64 65 66 67 68 69 70 71 72 73 74 75 76 77 78 79 80 81 82 83 84 85 86 87 88 89 90 91 92 93 94 95 96 97 98 99 100 101 102 103 104 105 106 107 108 109 110 111 112 113 114 115 116 117 118 119 120 121 122 123 124 125 126 127 128 129 130 131 132 133 134 135 136 137 138 139 140 141 142 143 144 145 146 147 148 149 150 151 152 153 154 155 156 157 158 159 160 161 162 163 164 165 166 167 168 169 170 171 172 173 174 175 176 177 178 179 180 181 182 183 184 185 186 187 188 189 190 191 192 193 194 195 196 197 198 199 200 201 202 203 204 205 206 207 208 209 210 211 212 213 214 215 216 217 218 219 220 221 222 223 224 225 226 227 228 229 230 231 232 233 234 235 236 237 238 239 240 241 242 243 244 245 246 247 248 249 250 251 252 253 254 255
p 177 0
i 49 7 177
i 49 7 177
finished 0
u 177 7
j 244
p 244 177
successor 177 0 177,177,177,177,177,177,177,177 1 2 3 4 5 6 7 8 9 10 11 12 13 14 15 16 17 18 19 20 21 22 23 24 25 26 27 28 29 30 31 32 33 34 35 36 37 38 39 40 41 42 43 44 45 46 47 48 49 50 51 52 53 54 55 56 57 58 59 60 61 62 63 64 65 66 67 68 69 70 71 72 73 74 75 76 77 78 79 80 81 82 83 84 85 86 87 88 89 90 91 92 93 94 95 96 97 98 99 100 101 102 103 104 105 106 107 108 109 110 111 112 113 114 115 116 117 118 119 120 121 122 123 124 125 126 127 128 129 130 131 132 133 134 135 136 137 138 139 140 141 142 143 144 145 146 147 148 149 150 151 152 153 154 155 156 157 158 159 160 161 162 163 164 165 166 167 168 169 170 171 172 173 174 175 176 177
finished 0
i 4 4 244
i 20 5 244
i 52 6 244
i 4 4 244
i 116 7 244
i 20 5 244
u 177 4
i 52 6 244
i 116 7 244
u 177 5
u 177 6
u 177 7
j 5
j 5
p 5 0
successor 0 177 244,244,244,244,244,244,244,177 0 1 2 3 4 5 6 7 8 9 10 11 12 13 14 15 16 17 18 19 20 21 22 23 24 25 26 27 28 29 30 31 32 33 34 35 36 37 38 39 40 41 42 43 44 45 46 47 48 49 50 51 52 53 54 55 56 57 58 59 60 61 62 63 64 65 66 67 68 69 70 71 72 73 74 75 76 77 78 79 80 81 82 83 84 85 86 87 88 89 90 91 92 93 94 95 96 97 98 99 100 101 102 103 104 105 106 107 108 109 110 111 112 113 114 115 116 117 118 119 120 121 122 123 124 125 126 127 128 129 130 131 132 133 134 135 136 137 138 139 140 141 142 143 144 145 146 147 148 149 150 151 152 153 154 155 156 157 158 159 160 161 162 163 164 165 166 167 168 169 170 171 172 173 174 175 176 177 178 179 180 181 182 183 184 185 186 187 188 189 190 191 192 193 194 195 196 197 198 199 200 201 202 203 204 205 206 207 208 209 210 211 212 213 214 215 216 217 218 219 220 221 222 223 224 225 226 227 228 229 230 231 232 233 234 235 236 237 238 239 240 241 242 243 244 245 246 247 248 249 250 251 252 253 254 255
p 5 0
p 5 0
finished 0
j 47
j 47
j 47
p 47 5
successor 5 177 244,244,244,244,244,244,244,177 1 2 3 4 5
p 47 5
p 47 5
p 47 5
finished 0
j 241
j 241
j 241
p 241 177
successor 177 244 0,0,0,0,5,47,177,177 1 2 3 4 5 6 7 8 9 10 11 12 13 14 15 16 17 18 19 20 21 22 23 24 25 26 27 28 29 30 31 32 33 34 35 36 37 38 39 40 41 42 43 44 45 46 47 48 49 50 51 52 53 54 55 56 57 58 59 60 61 62 63 64 65 66 67 68 69 70 71 72 73 74 75 76 77 78 79 80 81 82 83 84 85 86 87 88 89 90 91 92 93 94 95 96 97 98 99 100 101 102 103 104 105 106 107 108 109 110 111 112 113 114 115 116 117 118 119 120 121 122 123 124 125 126 127 128 129 130 131 132 133 134 135 136 137 138 139 140 141 142 143 144 145 146 147 148 149 150 151 152 153 154 155 156 157 158 159 160 161 162 163 164 165 166 167 168 169 170 171 172 173 174 175 176 177
finished 0
i 245 2 241
i 249 3 241
i 1 4 241
i 17 5 241
u 0 2
i 49 6 241
i 113 7 241
u 0 3
i 1 4 241
i 17 5 241
i 49 6 241
u 5 4
i 113 7 241
i 17 5 241
i 49 6 241
i 113 7 241
u 47 5
u 177 6
u 177 7
j 35
j 35
j 35
p 35 5
successor 5 47 177,177,177,177,177,177,177,177 1 2 3 4 5
p 35 5
i 51 4 35
i 67 5 35
i 99 6 35
p 35 5
i 163 7 35
i 51 4 35
i 67 5 35
p 35 5
i 99 6 35
i 51 4 35
i 163 7 35
i 67 5 35
p 35 5
i 51 4 35
i 99 6 35
i 163 7 35
i 67 5 35
finished 0
u 177 4
i 99 6 35
i 163 7 35
u 177 5
u 177 6
u 177 7
j 129
j 129
j 129
j 129
p 129 47
successor 47 177 241,241,241,241,241,241,241,177 6 7 8 9 10 11 12 13 14 15 16 17 18 19 20 21 22 23 24 25 26 27 28 29 30 31 32 33 34 35 36 37 38 39 40 41 42 43 44 45 46 47
p 129 47
i 193 6 129
i 1 7 129
p 129 47
i 193 6 129
i 1 7 129
p 129 47
i 193 6 129
u 5 7
p 129 47
u 241 6
p 129 47
p 129 47
finished 0
j 57
j 57
j 57
j 57
p 57 47
successor 47 129 177,177,177,177,177,177,241,5 6 7 8 9 10 11 12 13 14 15 16 17 18 19 20 21 22 23 24 25 26 27 28 29 30 31 32 33 34 35 36 37 38 39 40 41 42 43 44 45 46 47
p 57 47
i 185 7 57
p 57 47
i 185 7 57
p 57 47
i 185 7 57
p 57 47
i 185 7 57
p 57 47
u 241 7
p 57 47
finished 0
j 75
j 75
j 75
j 75
p 75 57
successor 57 129 177,177,177,177,177,177,241,5 48 49 50 51 52 53 54 55 56 57
p 75 57
i 139 6 75
i 203 7 75
p 75 57
i 139 6 75
i 203 7 75
i 139 6 75
p 75 57
i 203 7 75
p 75 57
u 177 6
i 203 7 75
p 75 57
p 75 57
u 241 7
finished 0
j 131
j 131
j 131
p 131 129
successor 129 177 241,241,241,241,241,241,241,57 48 49 50 51 52 53 54 55 56 57 58 59 60 61 62 63 64 65 66 67 68 69 70 71 72 73 74 75 76 77 78 79 80 81 82 83 84 85 86 87 88 89 90 91 92 93 94 95 96 97 98 99 100 101 102 103 104 105 106 107 108 109 110 111 112 113 114 115 116 117 118 119 120 121 122 123 124 125 126 127 128 129
p 131 129
i 195 6 131
p 131 129
i 3 7 131
i 195 6 131
p 131 129
i 3 7 131
i 195 6 131
p 131 129
u 5 7
i 195 6 131
p 131 129
u 241 6
finished 0
j 83
p 83 0
successor 0 0 83,0,0,0,0,0,0,0 0 1 2 3 4 5 6 7 8 9 10 11 12 13 14 15 16 17 18 19 20 21 22 23 24 25 26 27 28 29 30 31 32 33 34 35 36 37 38 39 40 41 42 43 44 45 46 47 48 49 50 51 52 53 54 55 56 57 58 59 60 61 62 63 64 65 66 67 68 69 70 71 72 73 74 75 76 77 78 79 80 81 82 83 84 85 86 87 88 89 90 91 92 93 94 95 96 97 98 99 100 101 102 103 104 105 106 107 108 109 110 111 112 113 114 115 116 117 118 119 120 121 122 123 124 125 126 127 128 129 130 131 132 133 134 135 136 137 138 139 140 141 142 143 144 145 146 147 148 149 150 151 152 153 154 155 156 157 158 159 160 161 162 163 164 165 166 167 168 169 170 171 172 173 174 175 176 177 178 179 180 181 182 183 184 185 186 187 188 189 190 191 192 193 194 195 196 197 198 199 200 201 202 203 204 205 206 207 208 209 210 211 212 213 214 215 216 217 218 219 220 221 222 223 224 225 226 227 228 229 230 231 232 233 234 235 236 237 238 239 240 241 242 243 244 245 246 247 248 249 250 251 252 253 254 255
finished 0
j 55
j 55
p 55 0
successor 0 83 0,0,0,0,0,0,0,0 0 1 2 3 4 5 6 7 8 9 10 11 12 13 14 15 16 17 18 19 20 21 22 23 24 25 26 27 28 29 30 31 32 33 34 35 36 37 38 39 40 41 42 43 44 45 46 47 48 49 50 51 52 53 54 55 56 57 58 59 60 61 62 63 64 65 66 67 68 69 70 71 72 73 74 75 76 77 78 79 80 81 82 83 84 85 86 87 88 89 90 91 92 93 94 95 96 97 98 99 100 101 102 103 104 105 106 107 108 109 110 111 112 113 114 115 116 117 118 119 120 121 122 123 124 125 126 127 128 129 130 131 132 133 134 135 136 137 138 139 140 141 142 143 144 145 146 147 148 149 150 151 152 153 154 155 156 157 158 159 160 161 162 163 164 165 166 167 168 169 170 171 172 173 174 175 176 177 178 179 180 181 182 183 184 185 186 187 188 189 190 191 192 193 194 195 196 197 198 199 200 201 202 203 204 205 206 207 208 209 210 211 212 213 214 215 216 217 218 219 220 221 222 223 224 225 226 227 228 229 230 231 232 233 234 235 236 237 238 239 240 241 242 243 244 245 246 247 248 249 250 251 252 253 254 255
finished 0
i 87 5 55
i 119 6 55
i 183 7 55
u 0 5
u 0 6
u 0 7
j 153
p 153 83
successor 83 0 55,55,55,55,55,55,83,0 1 2 3 4 5 6 7 8 9 10 11 12 13 14 15 16 17 18 19 20 21 22 23 24 25 26 27 28 29 30 31 32 33 34 35 36 37 38 39 40 41 42 43 44 45 46 47 48 49 50 51 52 53 54 55 56 57 58 59 60 61 62 63 64 65 66 67 68 69 70 71 72 73 74 75 76 77 78 79 80 81 82 83
p 153 83
i 25 7 153
p 153 83
i 25 7 153
finished 0
u 55 7
j 113
j 113
j 113
p 113 83
successor 83 153 0,0,0,0,0,0,0,55 1 2 3 4 5 6 7 8 9 10 11 12 13 14 15 16 17 18 19 20 21 22 23 24 25 26 27 28 29 30 31 32 33 34 35 36 37 38 39 40 41 42 43 44 45 46 47 48 49 50 51 52 53 54 55 56 57 58 59 60 61 62 63 64 65 66 67 68 69 70 71 72 73 74 75 76 77 78 79 80 81 82 83
p 113 83
i 177 6 113
i 241 7 113
p 113 83
u 0 6
u 0 7
finished 0
j 210
p 210 153
successor 153 0 55,55,55,55,55,55,83,153 84 85 86 87 88 89 90 91 92 93 94 95 96 97 98 99 100 101 102 103 104 105 106 107 108 109 110 111 112 113 114 115 116 117 118 119 120 121 122 123 124 125 126 127 128 129 130 131 132 133 134 135 136 137 138 139 140 141 142 143 144 145 146 147 148 149 150 151 152 153
p 210 153
i 18 6 210
i 82 7 210
p 210 153
i 82 7 210
p 210 153
i 18 6 210
i 82 7 210
finished 0
u 55 6
u 83 7
j 175
j 175
j 175
p 175 153
successor 153 210 0,0,0,0,0,0,55,83 84 85 86 87 88 89 90 91 92 93 94 95 96 97 98 99 100 101 102 103 104 105 106 107 108 109 110 111 112 113 114 115 116 117 118 119 120 121 122 123 124 125 126 127 128 129 130 131 132 133 134 135 136 137 138 139 140 141 142 143 144 145 146 147 148 149 150 151 152 153
p 175 153
i 239 6 175
i 47 7 175
p 175 153
u 0 6
i 47 7 175
p 175 153
u 55 7
finished 0
j 230
p 230 210
successor 210 0 55,55,55,55,55,55,83,153 154 155 156 157 158 159 160 161 162 163 164 165 166 167 168 169 170 171 172 173 174 175 176 177 178 179 180 181 182 183 184 185 186 187 188 189 190 191 192 193 194 195 196 197 198 199 200 201 202 203 204 205 206 207 208 209 210
p 230 210
i 6 5 230
i 38 6 230
p 230 210
i 102 7 230
i 6 5 230
i 38 6 230
p 230 210
i 102 7 230
u 55 5
u 55 6
p 230 210
i 102 7 230
finished 0
u 113 7
j 107
j 107
j 107
p 107 83
successor 83 113 153,153,153,153,153,153,210,0 1 2 3 4 5 6 7 8 9 10 11 12 13 14 15 16 17 18 19 20 21 22 23 24 25 26 27 28 29 30 31 32 33 34 35 36 37 38 39 40 41 42 43 44 45 46 47 48 49 50 51 52 53 54 55 56 57 58 59 60 61 62 63 64 65 66 67 68 69 70 71 72 73 74 75 76 77 78 79 80 81 82 83
p 107 83
i 115 3 107
i 123 4 107
i 139 5 107
p 107 83
i 171 6 107
i 235 7 107
i 115 3 107
i 123 4 107
i 139 5 107
i 115 3 107
i 171 6 107
i 123 4 107
p 107 83
u 0 7
i 115 3 107
i 139 5 107
finished 0
i 123 4 107
i 171 6 107
i 139 5 107
i 115 3 107
u 175 6
i 123 4 107
i 139 5 107
u 153 3
u 153 4
u 153 5
j 186
j 186
j 186
j 186
p 186 175
successor 175 210 230,230,230,230,230,0,55,83 154 155 156 157 158 159 160 161 162 163 164 165 166 167 168 169 170 171 172 173 174 175
p 186 175
i 218 5 186
i 250 6 186
i 58 7 186
p 186 175
i 218 5 186
u 0 6
i 58 7 186
p 186 175
i 218 5 186
i 58 7 186
i 218 5 186
p 186 175
u 83 7
i 218 5 186
p 186 175
u 230 5
finished 0
j 252
p 252 230
successor 230 0 55,55,55,55,55,55,83,153 211 212 213 214 215 216 217 218 219 220 221 222 223 224 225 226 227 228 229 230
p 252 230
i 4 3 252
i 12 4 252
p 252 230
i 28 5 252
i 60 6 252
i 124 7 252
i 4 3 252
i 12 4 252
i 28 5 252
p 252 230
u 55 3
i 60 6 252
i 124 7 252
u 55 4
u 55 5
p 252 230
i 60 6 252
i 124 7 252
p 252 230
i 124 7 252
u 83 6
p 252 230
i 124 7 252
finished 0
u 153 7
j 127
p 127 0
successor 0 0 127,0,0,0,0,0,0,0 0 1 2 3 4 5 6 7 8 9 10 11 12 13 14 15 16 17 18 19 20 21 22 23 24 25 26 27 28 29 30 31 32 33 34 35 36 37 38 39 40 41 42 43 44 45 46 47 48 49 50 51 52 53 54 55 56 57 58 59 60 61 62 63 64 65 66 67 68 69 70 71 72 73 74 75 76 77 78 79 80 81 82 83 84 85 86 87 88 89 90 91 92 93 94 95 96 97 98 99 100 101 102 103 104 105 106 107 108 109 110 111 112 113 114 115 116 117 118 119 120 121 122 123 124 125 126 127 128 129 130 131 132 133 134 135 136 137 138 139 140 141 142 143 144 145 146 147 148 149 150 151 152 153 154 155 156 157 158 159 160 161 162 163 164 165 166 167 168 169 170 171 172 173 174 175 176 177 178 179 180 181 182 183 184 185 186 187 188 189 190 191 192 193 194 195 196 197 198 199 200 201 202 203 204 205 206 207 208 209 210 211 212 213 214 215 216 217 218 219 220 221 222 223 224 225 226 227 228 229 230 231 232 233 234 235 236 237 238 239 240 241 242 243 244 245 246 247 248 249 250 251 252 253 254 255
finished 0
j 221
p 221 127
successor 127 0 127,127,127,127,127,127,127,0 1 2 3 4 5 6 7 8 9 10 11 12 13 14 15 16 17 18 19 20 21 22 23 24 25 26 27 28 29 30 31 32 33 34 35 36 37 38 39 40 41 42 43 44 45 46 47 48 49 50 51 52 53 54 55 56 57 58 59 60 61 62 63 64 65 66 67 68 69 70 71 72 73 74 75 76 77 78 79 80 81 82 83 84 85 86 87 88 89 90 91 92 93 94 95 96 97 98 99 100 101 102 103 104 105 106 107 108 109 110 111 112 113 114 115 116 117 118 119 120 121 122 123 124 125 126 127
p 221 127
i 29 6 221
finished 0
i 93 7 221
i 29 6 221
i 93 7 221
u 127 6
u 127 7
j 227
p 227 221
successor 221 0 127,127,127,127,127,127,127,221 128 129 130 131 132 133 134 135 136 137 138 139 140 141 142 143 144 145 146 147 148 149 150 151 152 153 154 155 156 157 158 159 160 161 162 163 164 165 166 167 168 169 170 171 172 173 174 175 176 177 178 179 180 181 182 183 184 185 186 187 188 189 190 191 192 193 194 195 196 197 198 199 200 201 202 203 204 205 206 207 208 209 210 211 212 213 214 215 216 217 218 219 220 221
p 227 221
i 3 5 227
i 35 6 227
i 99 7 227
finished 0
i 3 5 227
i 99 7 227
i 35 6 227
u 127 5
u 127 6
u 127 7
j 50
j 50
p 50 0
successor 0 127 221,221,221,221,221,221,221,0 0 1 2 3 4 5 6 7 8 9 10 11 12 13 14 15 16 17 18 19 20 21 22 23 24 25 26 27 28 29 30 31 32 33 34 35 36 37 38 39 40 41 42 43 44 45 46 47 48 49 50 51 52 53 54 55 56 57 58 59 60 61 62 63 64 65 66 67 68 69 70 71 72 73 74 75 76 77 78 79 80 81 82 83 84 85 86 87 88 89 90 91 92 93 94 95 96 97 98 99 100 101 102 103 104 105 106 107 108 109 110 111 112 113 114 115 116 117 118 119 120 121 122 123 124 125 126 127 128 129 130 131 132 133 134 135 136 137 138 139 140 141 142 143 144 145 146 147 148 149 150 151 152 153 154 155 156 157 158 159 160 161 162 163 164 165 166 167 168 169 170 171 172 173 174 175 176 177 178 179 180 181 182 183 184 185 186 187 188 189 190 191 192 193 194 195 196 197 198 199 200 201 202 203 204 205 206 207 208 209 210 211 212 213 214 215 216 217 218 219 220 221 222 223 224 225 226 227 228 229 230 231 232 233 234 235 236 237 238 239 240 241 242 243 244 245 246 247 248 249 250 251 252 253 254 255
p 50 0
i 178 7 50
p 50 0
finished 0
i 178 7 50
i 178 7 50
u 221 7
j 148
j 148
j 148
p 148 127
successor 127 221 227,227,227,0,0,0,50,127 1 2 3 4 5 6 7 8 9 10 11 12 13 14 15 16 17 18 19 20 21 22 23 24 25 26 27 28 29 30 31 32 33 34 35 36 37 38 39 40 41 42 43 44 45 46 47 48 49 50 51 52 53 54 55 56 57 58 59 60 61 62 63 64 65 66 67 68 69 70 71 72 73 74 75 76 77 78 79 80 81 82 83 84 85 86 87 88 89 90 91 92 93 94 95 96 97 98 99 100 101 102 103 104 105 106 107 108 109 110 111 112 113 114 115 116 117 118 119 120 121 122 123 124 125 126 127
p 148 127
i 20 7 148
p 148 127
i 20 7 148
finished 0
u 50 7
j 170
j 170
j 170
p 170 148
successor 148 221 227,227,227,0,0,0,50,127 128 129 130 131 132 133 134 135 136 137 138 139 140 141 142 143 144 145 146 147 148
p 170 148
i 234 6 170
i 42 7 170
p 170 148
u 0 6
i 42 7 170
finished 0
u 50 7
j 21
j 21
p 21 0
successor 0 50 127,127,127,127,127,127,127,221 0 1 2 3 4 5 6 7 8 9 10 11 12 13 14 15 16 17 18 19 20 21 22 23 24 25 26 27 28 29 30 31 32 33 34 35 36 37 38 39 40 41 42 43 44 45 46 47 48 49 50 51 52 53 54 55 56 57 58 59 60 61 62 63 64 65 66 67 68 69 70 71 72 73 74 75 76 77 78 79 80 81 82 83 84 85 86 87 88 89 90 91 92 93 94 95 96 97 98 99 100 101 102 103 104 105 106 107 108 109 110 111 112 113 114 115 116 117 118 119 120 121 122 123 124 125 126 127 128 129 130 131 132 133 134 135 136 137 138 139 140 141 142 143 144 145 146 147 148 149 150 151 152 153 154 155 156 157 158 159 160 161 162 163 164 165 166 167 168 169 170 171 172 173 174 175 176 177 178 179 180 181 182 183 184 185 186 187 188 189 190 191 192 193 194 195 196 197 198 199 200 201 202 203 204 205 206 207 208 209 210 211 212 213 214 215 216 217 218 219 220 221 222 223 224 225 226 227 228 229 230 231 232 233 234 235 236 237 238 239 240 241 242 243 244 245 246 247 248 249 250 251 252 253 254 255
p 21 0
i 53 5 21
i 85 6 21
i 149 7 21
p 21 0
i 149 7 21
p 21 0
i 85 6 21
i 53 5 21
i 149 7 21
p 21 0
i 85 6 21
i 53 5 21
finished 0
u 170 7
u 127 6
u 127 5
j 130
j 130
j 130
p 130 127
successor 127 148 170,170,170,170,170,221,221,21 1 2 3 4 5 6 7 8 9 10 11 12 13 14 15 16 17 18 19 20 21 22 23 24 25 26 27 28 29 30 31 32 33 34 35 36 37 38 39 40 41 42 43 44 45 46 47 48 49 50 51 52 53 54 55 56 57 58 59 60 61 62 63 64 65 66 67 68 69 70 71 72 73 74 75 76 77 78 79 80 81 82 83 84 85 86 87 88 89 90 91 92 93 94 95 96 97 98 99 100 101 102 103 104 105 106 107 108 109 110 111 112 113 114 115 116 117 118 119 120 121 122 123 124 125 126 127
p 130 127
i 162 5 130
i 194 6 130
i 2 7 130
p 130 127
i 194 6 130
i 162 5 130
p 130 127
i 2 7 130
i 194 6 130
finished 0
i 162 5 130
u 21 7
i 194 6 130
u 170 5
u 221 6
j 71
j 71
j 71
p 71 50
successor 50 127 130,130,148,148,148,170,221,0 1 2 3 4 5 6 7 8 9 10 11 12 13 14 15 16 17 18 19 20 21 22 23 24 25 26 27 28 29 30 31 32 33 34 35 36 37 38 39 40 41 42 43 44 45 46 47 48 49 50
p 71 50
i 135 6 71
i 199 7 71
p 71 50
i 135 6 71
i 199 7 71
p 71 50
i 135 6 71
p 71 50
i 199 7 71
u 148 6
finished 0
i 199 7 71
u 221 7
j 7
j 7
p 7 0
successor 0 21 50,50,50,50,50,71,127,170 0 1 2 3 4 5 6 7 8 9 10 11 12 13 14 15 16 17 18 19 20 21 22 23 24 25 26 27 28 29 30 31 32 33 34 35 36 37 38 39 40 41 42 43 44 45 46 47 48 49 50 51 52 53 54 55 56 57 58 59 60 61 62 63 64 65 66 67 68 69 70 71 72 73 74 75 76 77 78 79 80 81 82 83 84 85 86 87 88 89 90 91 92 93 94 95 96 97 98 99 100 101 102 103 104 105 106 107 108 109 110 111 112 113 114 115 116 117 118 119 120 121 122 123 124 125 126 127 128 129 130 131 132 133 134 135 136 137 138 139 140 141 142 143 144 145 146 147 148 149 150 151 152 153 154 155 156 157 158 159 160 161 162 163 164 165 166 167 168 169 170 171 172 173 174 175 176 177 178 179 180 181 182 183 184 185 186 187 188 189 190 191 192 193 194 195 196 197 198 199 200 201 202 203 204 205 206 207 208 209 210 211 212 213 214 215 216 217 218 219 220 221 222 223 224 225 226 227 228 229 230 231 232 233 234 235 236 237 238 239 240 241 242 243 244 245 246 247 248 249 250 251 252 253 254 255
p 7 0
i 23 4 7
p 7 0
i 39 5 7
i 71 6 7
i 135 7 7
i 23 4 7
p 7 0
i 39 5 7
i 135 7 7
i 71 6 7
i 23 4 7
i 135 7 7
i 71 6 7
p 7 0
i 39 5 7
u 50 4
u 148 7
u 71 6
u 50 5
p 7 0
finished 0
