j 166
p 166 0
successor 0 0 166,0,0,0,0,0,0,0 0 1 2 3 4 5 6 7 8 9 10 11 12 13 14 15 16 17 18 19 20 21 22 23 24 25 26 27 28 29 30 31 32 33 34 35 36 37 38 39 40 41 42 43 44 45 46 47 48 49 50 51 52 53 54 55 56 57 58 59 60 61 62 63 64 65 66 67 68 69 70 71 72 73 74 75 76 77 78 79 80 81 82 83 84 85 86 87 88 89 90 91 92 93 94 95 96 97 98 99 100 101 102 103 104 105 106 107 108 109 110 111 112 113 114 115 116 117 118 119 120 121 122 123 124 125 126 127 128 129 130 131 132 133 134 135 136 137 138 139 140 141 142 143 144 145 146 147 148 149 150 151 152 153 154 155 156 157 158 159 160 161 162 163 164 165 166 167 168 169 170 171 172 173 174 175 176 177 178 179 180 181 182 183 184 185 186 187 188 189 190 191 192 193 194 195 196 197 198 199 200 201 202 203 204 205 206 207 208 209 210 211 212 213 214 215 216 217 218 219 220 221 222 223 224 225 226 227 228 229 230 231 232 233 234 235 236 237 238 239 240 241 242 243 244 245 246 247 248 249 250 251 252 253 254 255
p 166 0
i 38 7 166
i 38 7 166
finished 0
u 166 7
j 200
p 200 166
finished 0
successor 166 0 166,166,166,166,166,166,166,166 1 2 3 4 5 6 7 8 9 10 11 12 13 14 15 16 17 18 19 20 21 22 23 24 25 26 27 28 29 30 31 32 33 34 35 36 37 38 39 40 41 42 43 44 45 46 47 48 49 50 51 52 53 54 55 56 57 58 59 60 61 62 63 64 65 66 67 68 69 70 71 72 73 74 75 76 77 78 79 80 81 82 83 84 85 86 87 88 89 90 91 92 93 94 95 96 97 98 99 100 101 102 103 104 105 106 107 108 109 110 111 112 113 114 115 116 117 118 119 120 121 122 123 124 125 126 127 128 129 130 131 132 133 134 135 136 137 138 139 140 141 142 143 144 145 146 147 148 149 150 151 152 153 154 155 156 157 158 159 160 161 162 163 164 165 166
i 8 6 200
i 72 7 200
i 8 6 200
i 72 7 200
u 166 6
u 166 7
j 106
j 106
p 106 0
p 106 0
successor 0 166 200,200,200,200,200,200,0,166 0 1 2 3 4 5 6 7 8 9 10 11 12 13 14 15 16 17 18 19 20 21 22 23 24 25 26 27 28 29 30 31 32 33 34 35 36 37 38 39 40 41 42 43 44 45 46 47 48 49 50 51 52 53 54 55 56 57 58 59 60 61 62 63 64 65 66 67 68 69 70 71 72 73 74 75 76 77 78 79 80 81 82 83 84 85 86 87 88 89 90 91 92 93 94 95 96 97 98 99 100 101 102 103 104 105 106 107 108 109 110 111 112 113 114 115 116 117 118 119 120 121 122 123 124 125 126 127 128 129 130 131 132 133 134 135 136 137 138 139 140 141 142 143 144 145 146 147 148 149 150 151 152 153 154 155 156 157 158 159 160 161 162 163 164 165 166 167 168 169 170 171 172 173 174 175 176 177 178 179 180 181 182 183 184 185 186 187 188 189 190 191 192 193 194 195 196 197 198 199 200 201 202 203 204 205 206 207 208 209 210 211 212 213 214 215 216 217 218 219 220 221 222 223 224 225 226 227 228 229 230 231 232 233 234 235 236 237 238 239 240 241 242 243 244 245 246 247 248 249 250 251 252 253 254 255
p 106 0
i 170 6 106
finished 0
i 234 7 106
i 170 6 106
u 0 7
i 170 6 106
u 200 6
j 65
j 65
p 65 0
p 65 0
successor 0 106 166,166,166,166,166,166,200,0 0 1 2 3 4 5 6 7 8 9 10 11 12 13 14 15 16 17 18 19 20 21 22 23 24 25 26 27 28 29 30 31 32 33 34 35 36 37 38 39 40 41 42 43 44 45 46 47 48 49 50 51 52 53 54 55 56 57 58 59 60 61 62 63 64 65 66 67 68 69 70 71 72 73 74 75 76 77 78 79 80 81 82 83 84 85 86 87 88 89 90 91 92 93 94 95 96 97 98 99 100 101 102 103 104 105 106 107 108 109 110 111 112 113 114 115 116 117 118 119 120 121 122 123 124 125 126 127 128 129 130 131 132 133 134 135 136 137 138 139 140 141 142 143 144 145 146 147 148 149 150 151 152 153 154 155 156 157 158 159 160 161 162 163 164 165 166 167 168 169 170 171 172 173 174 175 176 177 178 179 180 181 182 183 184 185 186 187 188 189 190 191 192 193 194 195 196 197 198 199 200 201 202 203 204 205 206 207 208 209 210 211 212 213 214 215 216 217 218 219 220 221 222 223 224 225 226 227 228 229 230 231 232 233 234 235 236 237 238 239 240 241 242 243 244 245 246 247 248 249 250 251 252 253 254 255
p 65 0
i 129 6 65
i 193 7 65
finished 0
i 129 6 65
i 193 7 65
i 129 6 65
i 193 7 65
i 129 6 65
u 200 7
u 166 6
j 165
j 165
j 165
j 165
p 165 106
successor 106 166 200,200,200,200,200,200,0,65 1 2 3 4 5 6 7 8 9 10 11 12 13 14 15 16 17 18 19 20 21 22 23 24 25 26 27 28 29 30 31 32 33 34 35 36 37 38 39 40 41 42 43 44 45 46 47 48 49 50 51 52 53 54 55 56 57 58 59 60 61 62 63 64 65 66 67 68 69 70 71 72 73 74 75 76 77 78 79 80 81 82 83 84 85 86 87 88 89 90 91 92 93 94 95 96 97 98 99 100 101 102 103 104 105 106
p 165 106
i 167 1 165
p 165 106
i 169 2 165
i 173 3 165
i 167 1 165
i 181 4 165
finished 0
i 197 5 165
i 167 1 165
i 169 2 165
i 229 6 165
i 173 3 165
u 200 1
i 37 7 165
i 181 4 165
i 197 5 165
i 169 2 165
u 0 6
i 173 3 165
i 37 7 165
i 169 2 165
i 181 4 165
i 173 3 165
u 65 7
i 197 5 165
u 200 2
i 181 4 165
u 200 3
i 197 5 165
u 200 4
u 200 5
j 37
j 37
p 37 0
p 37 0
successor 0 65 106,106,106,106,106,106,165,200 0 1 2 3 4 5 6 7 8 9 10 11 12 13 14 15 16 17 18 19 20 21 22 23 24 25 26 27 28 29 30 31 32 33 34 35 36 37 38 39 40 41 42 43 44 45 46 47 48 49 50 51 52 53 54 55 56 57 58 59 60 61 62 63 64 65 66 67 68 69 70 71 72 73 74 75 76 77 78 79 80 81 82 83 84 85 86 87 88 89 90 91 92 93 94 95 96 97 98 99 100 101 102 103 104 105 106 107 108 109 110 111 112 113 114 115 116 117 118 119 120 121 122 123 124 125 126 127 128 129 130 131 132 133 134 135 136 137 138 139 140 141 142 143 144 145 146 147 148 149 150 151 152 153 154 155 156 157 158 159 160 161 162 163 164 165 166 167 168 169 170 171 172 173 174 175 176 177 178 179 180 181 182 183 184 185 186 187 188 189 190 191 192 193 194 195 196 197 198 199 200 201 202 203 204 205 206 207 208 209 210 211 212 213 214 215 216 217 218 219 220 221 222 223 224 225 226 227 228 229 230 231 232 233 234 235 236 237 238 239 240 241 242 243 244 245 246 247 248 249 250 251 252 253 254 255
p 37 0
i 69 5 37
p 37 0
i 101 6 37
i 165 7 37
i 69 5 37
finished 0
i 101 6 37
i 69 5 37
i 165 7 37
i 101 6 37
u 106 5
i 165 7 37
u 106 6
i 165 7 37
u 165 7
j 79
j 79
j 79
p 79 65
successor 65 106 165,165,165,165,165,165,200,0 1 2 3 4 5 6 7 8 9 10 11 12 13 14 15 16 17 18 19 20 21 22 23 24 25 26 27 28 29 30 31 32 33 34 35 36 37 38 39 40 41 42 43 44 45 46 47 48 49 50 51 52 53 54 55 56 57 58 59 60 61 62 63 64 65
p 79 65
i 111 5 79
p 79 65
i 143 6 79
i 207 7 79
i 111 5 79
p 79 65
i 111 5 79
i 143 6 79
finished 0
u 0 7
i 111 5 79
i 143 6 79
u 165 5
i 143 6 79
u 165 6
j 127
j 127
j 127
j 127
p 127 106
successor 106 165 166,200,200,200,200,200,0,37 1 2 3 4 5 6 7 8 9 10 11 12 13 14 15 16 17 18 19 20 21 22 23 24 25 26 27 28 29 30 31 32 33 34 35 36 37 38 39 40 41 42 43 44 45 46 47 48 49 50 51 52 53 54 55 56 57 58 59 60 61 62 63 64 65 66 67 68 69 70 71 72 73 74 75 76 77 78 79 80 81 82 83 84 85 86 87 88 89 90 91 92 93 94 95 96 97 98 99 100 101 102 103 104 105 106
p 127 106
i 191 6 127
p 127 106
i 255 7 127
i 191 6 127
p 127 106
u 0 7
i 191 6 127
p 127 106
i 191 6 127
finished 0
u 200 6
j 32
j 32
p 32 0
p 32 0
successor 0 37 65,65,65,65,65,79,106,165 0 1 2 3 4 5 6 7 8 9 10 11 12 13 14 15 16 17 18 19 20 21 22 23 24 25 26 27 28 29 30 31 32 33 34 35 36 37 38 39 40 41 42 43 44 45 46 47 48 49 50 51 52 53 54 55 56 57 58 59 60 61 62 63 64 65 66 67 68 69 70 71 72 73 74 75 76 77 78 79 80 81 82 83 84 85 86 87 88 89 90 91 92 93 94 95 96 97 98 99 100 101 102 103 104 105 106 107 108 109 110 111 112 113 114 115 116 117 118 119 120 121 122 123 124 125 126 127 128 129 130 131 132 133 134 135 136 137 138 139 140 141 142 143 144 145 146 147 148 149 150 151 152 153 154 155 156 157 158 159 160 161 162 163 164 165 166 167 168 169 170 171 172 173 174 175 176 177 178 179 180 181 182 183 184 185 186 187 188 189 190 191 192 193 194 195 196 197 198 199 200 201 202 203 204 205 206 207 208 209 210 211 212 213 214 215 216 217 218 219 220 221 222 223 224 225 226 227 228 229 230 231 232 233 234 235 236 237 238 239 240 241 242 243 244 245 246 247 248 249 250 251 252 253 254 255
p 32 0
i 40 3 32
i 48 4 32
p 32 0
i 40 3 32
i 64 5 32
i 48 4 32
i 96 6 32
finished 0
i 160 7 32
i 64 5 32
i 96 6 32
i 160 7 32
i 96 6 32
i 40 3 32
i 160 7 32
i 48 4 32
i 40 3 32
i 96 6 32
i 64 5 32
i 160 7 32
i 48 4 32
u 65 3
u 106 6
i 64 5 32
i 160 7 32
u 65 4
u 65 5
u 165 7
j 189
j 189
j 189
j 189
p 189 166
successor 166 200 0,0,0,0,0,0,32,79 1 2 3 4 5 6 7 8 9 10 11 12 13 14 15 16 17 18 19 20 21 22 23 24 25 26 27 28 29 30 31 32 33 34 35 36 37 38 39 40 41 42 43 44 45 46 47 48 49 50 51 52 53 54 55 56 57 58 59 60 61 62 63 64 65 66 67 68 69 70 71 72 73 74 75 76 77 78 79 80 81 82 83 84 85 86 87 88 89 90 91 92 93 94 95 96 97 98 99 100 101 102 103 104 105 106 107 108 109 110 111 112 113 114 115 116 117 118 119 120 121 122 123 124 125 126 127 128 129 130 131 132 133 134 135 136 137 138 139 140 141 142 143 144 145 146 147 148 149 150 151 152 153 154 155 156 157 158 159 160 161 162 163 164 165 166
p 189 166
i 205 4 189
p 189 166
i 221 5 189
u 0 4
i 253 6 189
p 189 166
u 0 5
i 61 7 189
u 0 6
p 189 166
i 61 7 189
p 189 166
i 61 7 189
finished 0
i 61 7 189
u 65 7
j 77
j 77
j 77
p 77 65
successor 65 79 106,106,106,106,106,127,165,0 1 2 3 4 5 6 7 8 9 10 11 12 13 14 15 16 17 18 19 20 21 22 23 24 25 26 27 28 29 30 31 32 33 34 35 36 37 38 39 40 41 42 43 44 45 46 47 48 49 50 51 52 53 54 55 56 57 58 59 60 61 62 63 64 65
p 77 65
i 81 2 77
i 85 3 77
p 77 65
i 93 4 77
i 81 2 77
i 109 5 77
p 77 65
i 141 6 77
i 85 3 77
i 81 2 77
i 205 7 77
i 93 4 77
i 85 3 77
i 81 2 77
i 109 5 77
i 93 4 77
i 85 3 77
p 77 65
i 81 2 77
i 109 5 77
i 93 4 77
i 141 6 77
i 85 3 77
u 106 2
u 0 7
finished 0
i 93 4 77
i 109 5 77
i 141 6 77
u 106 3
u 106 4
u 127 5
i 141 6 77
i 141 6 77
u 165 6
j 48
j 48
j 48
j 48
p 48 37
successor 37 65 77,77,77,77,106,106,165,200 1 2 3 4 5 6 7 8 9 10 11 12 13 14 15 16 17 18 19 20 21 22 23 24 25 26 27 28 29 30 31 32 33 34 35 36 37
p 48 37
i 80 5 48
p 48 37
i 112 6 48
i 176 7 48
i 80 5 48
p 48 37
i 80 5 48
i 112 6 48
p 48 37
i 176 7 48
i 80 5 48
i 112 6 48
p 48 37
i 176 7 48
i 80 5 48
i 112 6 48
finished 0
i 176 7 48
u 106 5
u 127 6
u 189 7
j 197
j 197
j 197
j 197
p 197 189
successor 189 200 0,0,0,0,0,0,32,77 167 168 169 170 171 172 173 174 175 176 177 178 179 180 181 182 183 184 185 186 187 188 189
p 197 189
p 197 189
i 201 2 197
i 205 3 197
p 197 189
i 213 4 197
u 0 2
i 229 5 197
u 0 3
i 5 6 197
p 197 189
u 0 4
i 69 7 197
u 0 5
p 197 189
i 5 6 197
p 197 189
i 69 7 197
u 32 6
p 197 189
i 69 7 197
finished 0
u 77 7
j 123
j 123
j 123
j 123
p 123 106
successor 106 127 165,165,165,165,165,165,197,0 1 2 3 4 5 6 7 8 9 10 11 12 13 14 15 16 17 18 19 20 21 22 23 24 25 26 27 28 29 30 31 32 33 34 35 36 37 38 39 40 41 42 43 44 45 46 47 48 49 50 51 52 53 54 55 56 57 58 59 60 61 62 63 64 65 66 67 68 69 70 71 72 73 74 75 76 77 78 79 80 81 82 83 84 85 86 87 88 89 90 91 92 93 94 95 96 97 98 99 100 101 102 103 104 105 106
p 123 106
i 131 3 123
p 123 106
i 139 4 123
i 155 5 123
p 123 106
i 131 3 123
i 187 6 123
i 139 4 123
i 251 7 123
p 123 106
i 155 5 123
i 131 3 123
i 187 6 123
p 123 106
i 139 4 123
u 0 7
i 131 3 123
i 187 6 123
i 155 5 123
i 139 4 123
p 123 106
i 131 3 123
i 187 6 123
i 139 4 123
p 123 106
i 131 3 123
i 155 5 123
u 189 6
i 139 4 123
finished 0
u 165 3
i 155 5 123
u 165 4
i 155 5 123
u 165 5
j 225
p 225 200
successor 200 0 32,32,32,32,32,32,65,165 167 168 169 170 171 172 173 174 175 176 177 178 179 180 181 182 183 184 185 186 187 188 189 190 191 192 193 194 195 196 197 198 199 200
p 225 200
i 1 5 225
i 33 6 225
p 225 200
i 97 7 225
i 1 5 225
i 33 6 225
p 225 200
u 32 5
i 97 7 225
i 33 6 225
p 225 200
i 97 7 225
u 37 6
p 225 200
i 97 7 225
p 225 200
i 97 7 225
p 225 200
u 106 7
p 225 200
p 225 200
finished 0
j 144
j 144
j 144
j 144
j 144
j 144
p 144 127
successor 127 165 166,189,189,189,189,197,0,37 107 108 109 110 111 112 113 114 115 116 117 118 119 120 121 122 123 124 125 126 127
p 144 127
i 176 5 144
i 208 6 144
p 144 127
i 16 7 144
i 176 5 144
i 208 6 144
p 144 127
i 176 5 144
i 16 7 144
i 208 6 144
i 176 5 144
p 144 127
u 32 7
i 208 6 144
u 189 5
p 144 127
i 208 6 144
p 144 127
u 225 6
p 144 127
p 144 127
p 144 127
finished 0
j 66
j 66
j 66
p 66 65
successor 65 77 79,79,106,106,106,123,144,225 1 2 3 4 5 6 7 8 9 10 11 12 13 14 15 16 17 18 19 20 21 22 23 24 25 26 27 28 29 30 31 32 33 34 35 36 37 38 39 40 41 42 43 44 45 46 47 48 49 50 51 52 53 54 55 56 57 58 59 60 61 62 63 64 65
p 66 65
i 82 4 66
p 66 65
i 98 5 66
i 82 4 66
i 130 6 66
p 66 65
i 194 7 66
i 98 5 66
i 82 4 66
i 130 6 66
p 66 65
i 98 5 66
i 82 4 66
i 194 7 66
i 130 6 66
p 66 65
i 98 5 66
i 82 4 66
i 194 7 66
i 130 6 66
i 98 5 66
p 66 65
u 106 4
i 194 7 66
i 130 6 66
u 106 5
p 66 65
u 197 7
i 130 6 66
finished 0
u 144 6
j 41
j 41
j 41
j 41
p 41 37
successor 37 48 65,65,65,65,65,106,123,189 1 2 3 4 5 6 7 8 9 10 11 12 13 14 15 16 17 18 19 20 21 22 23 24 25 26 27 28 29 30 31 32 33 34 35 36 37
p 41 37
i 49 3 41
p 41 37
i 57 4 41
i 49 3 41
i 73 5 41
i 105 6 41
p 41 37
i 49 3 41
i 169 7 41
i 57 4 41
i 73 5 41
p 41 37
i 49 3 41
i 57 4 41
i 105 6 41
i 73 5 41
i 169 7 41
p 41 37
i 57 4 41
u 65 3
i 73 5 41
i 105 6 41
i 169 7 41
p 41 37
u 65 4
u 77 5
i 169 7 41
i 105 6 41
p 41 37
i 169 7 41
i 105 6 41
finished 0
u 189 7
u 106 6
j 139
j 139
j 139
j 139
j 139
j 139
p 139 127
successor 127 144 165,165,165,165,165,189,225,32 107 108 109 110 111 112 113 114 115 116 117 118 119 120 121 122 123 124 125 126 127
p 139 127
i 147 3 139
p 139 127
i 155 4 139
i 147 3 139
i 171 5 139
i 203 6 139
p 139 127
i 11 7 139
i 155 4 139
i 147 3 139
i 171 5 139
p 139 127
i 203 6 139
i 155 4 139
u 165 3
i 11 7 139
i 171 5 139
p 139 127
i 203 6 139
u 165 4
u 32 7
p 139 127
i 171 5 139
i 203 6 139
p 139 127
i 171 5 139
i 203 6 139
p 139 127
u 189 5
i 203 6 139
p 139 127
u 225 6
p 139 127
p 139 127
finished 0
j 158
j 158
j 158
j 158
p 158 144
successor 144 165 166,189,189,189,189,197,0,37 128 129 130 131 132 133 134 135 136 137 138 139 140 141 142 143 144
p 158 144
i 166 3 158
i 174 4 158
p 158 144
i 190 5 158
i 166 3 158
i 222 6 158
i 30 7 158
i 174 4 158
p 158 144
i 166 3 158
i 190 5 158
i 222 6 158
i 174 4 158
p 158 144
i 166 3 158
i 30 7 158
i 190 5 158
i 222 6 158
i 174 4 158
i 166 3 158
p 158 144
u 32 7
i 190 5 158
i 174 4 158
i 222 6 158
u 166 3
p 158 144
u 197 5
i 174 4 158
i 222 6 158
p 158 144
u 189 4
i 222 6 158
p 158 144
u 225 6
p 158 144
p 158 144
p 158 144
p 158 144
finished 0
j 74
j 74
j 74
j 74
p 74 66
successor 66 77 79,79,106,106,106,123,144,225 66
p 74 66
i 78 2 74
p 74 66
i 82 3 74
i 78 2 74
i 90 4 74
p 74 66
i 82 3 74
i 106 5 74
i 78 2 74
i 90 4 74
i 138 6 74
p 74 66
i 82 3 74
i 202 7 74
i 106 5 74
i 90 4 74
i 78 2 74
i 138 6 74
p 74 66
i 82 3 74
i 106 5 74
i 90 4 74
i 202 7 74
i 78 2 74
i 138 6 74
p 74 66
i 82 3 74
i 106 5 74
i 90 4 74
i 202 7 74
u 79 2
p 74 66
i 106 5 74
i 82 3 74
i 138 6 74
i 202 7 74
i 90 4 74
i 106 5 74
u 106 3
p 74 66
i 202 7 74
i 138 6 74
u 106 4
u 106 5
p 74 66
i 138 6 74
i 202 7 74
finished 0
u 139 6
u 225 7
j 58
j 58
j 58
j 58
p 58 48
successor 48 65 66,74,74,74,106,106,139,197 38 39 40 41 42 43 44 45 46 47 48
p 58 48
i 66 3 58
p 58 48
i 74 4 58
i 90 5 58
i 66 3 58
i 122 6 58
i 186 7 58
p 58 48
i 74 4 58
i 90 5 58
i 66 3 58
p 58 48
i 74 4 58
i 122 6 58
i 186 7 58
i 90 5 58
u 66 3
i 122 6 58
p 58 48
i 74 4 58
i 186 7 58
i 90 5 58
i 122 6 58
u 74 4
p 58 48
i 186 7 58
i 90 5 58
u 123 6
p 58 48
u 106 5
i 186 7 58
p 58 48
u 189 7
finished 0
j 12
j 12
p 12 0
successor 0 32 37,37,37,41,48,65,106,165 0 1 2 3 4 5 6 7 8 9 10 11 12 13 14 15 16 17 18 19 20 21 22 23 24 25 26 27 28 29 30 31 32 33 34 35 36 37 38 39 40 41 42 43 44 45 46 47 48 49 50 51 52 53 54 55 56 57 58 59 60 61 62 63 64 65 66 67 68 69 70 71 72 73 74 75 76 77 78 79 80 81 82 83 84 85 86 87 88 89 90 91 92 93 94 95 96 97 98 99 100 101 102 103 104 105 106 107 108 109 110 111 112 113 114 115 116 117 118 119 120 121 122 123 124 125 126 127 128 129 130 131 132 133 134 135 136 137 138 139 140 141 142 143 144 145 146 147 148 149 150 151 152 153 154 155 156 157 158 159 160 161 162 163 164 165 166 167 168 169 170 171 172 173 174 175 176 177 178 179 180 181 182 183 184 185 186 187 188 189 190 191 192 193 194 195 196 197 198 199 200 201 202 203 204 205 206 207 208 209 210 211 212 213 214 215 216 217 218 219 220 221 222 223 224 225 226 227 228 229 230 231 232 233 234 235 236 237 238 239 240 241 242 243 244 245 246 247 248 249 250 251 252 253 254 255
p 12 0
i 44 5 12
p 12 0
i 76 6 12
i 140 7 12
i 44 5 12
p 12 0
i 76 6 12
i 140 7 12
i 44 5 12
p 12 0
i 76 6 12
i 140 7 12
p 12 0
i 76 6 12
u 144 7
i 44 5 12
u 77 6
p 12 0
u 48 5
p 12 0
p 12 0
p 12 0
finished 0
j 172
j 172
j 172
j 172
j 172
p 172 166
successor 166 189 197,197,197,197,225,225,0,65 1 2 3 4 5 6 7 8 9 10 11 12 13 14 15 16 17 18 19 20 21 22 23 24 25 26 27 28 29 30 31 32 33 34 35 36 37 38 39 40 41 42 43 44 45 46 47 48 49 50 51 52 53 54 55 56 57 58 59 60 61 62 63 64 65 66 67 68 69 70 71 72 73 74 75 76 77 78 79 80 81 82 83 84 85 86 87 88 89 90 91 92 93 94 95 96 97 98 99 100 101 102 103 104 105 106 107 108 109 110 111 112 113 114 115 116 117 118 119 120 121 122 123 124 125 126 127 128 129 130 131 132 133 134 135 136 137 138 139 140 141 142 143 144 145 146 147 148 149 150 151 152 153 154 155 156 157 158 159 160 161 162 163 164 165 166
p 172 166
i 204 5 172
p 172 166
i 236 6 172
i 44 7 172
i 204 5 172
p 172 166
u 0 6
i 44 7 172
i 204 5 172
p 172 166
i 204 5 172
i 44 7 172
p 172 166
i 44 7 172
i 204 5 172
p 172 166
u 48 7
p 172 166
i 204 5 172
p 172 166
u 225 5
p 172 166
p 172 166
p 172 166
p 172 166
p 172 166
p 172 166
p 172 166
finished 0
j 119
j 119
j 119
j 119
p 119 106
successor 106 123 127,127,127,139,139,158,189,0 1 2 3 4 5 6 7 8 9 10 11 12 13 14 15 16 17 18 19 20 21 22 23 24 25 26 27 28 29 30 31 32 33 34 35 36 37 38 39 40 41 42 43 44 45 46 47 48 49 50 51 52 53 54 55 56 57 58 59 60 61 62 63 64 65 66 67 68 69 70 71 72 73 74 75 76 77 78 79 80 81 82 83 84 85 86 87 88 89 90 91 92 93 94 95 96 97 98 99 100 101 102 103 104 105 106
p 119 106
i 127 3 119
p 119 106
i 135 4 119
i 151 5 119
i 127 3 119
i 183 6 119
p 119 106
i 135 4 119
i 247 7 119
i 151 5 119
i 127 3 119
p 119 106
i 183 6 119
i 151 5 119
i 135 4 119
i 127 3 119
u 0 7
p 119 106
i 183 6 119
i 151 5 119
p 119 106
i 127 3 119
i 135 4 119
i 183 6 119
p 119 106
u 127 3
i 135 4 119
u 158 5
u 189 6
p 119 106
i 135 4 119
p 119 106
u 139 4
p 119 106
p 119 106
p 119 106
finished 0
j 39
j 39
j 39
j 39
p 39 37
successor 37 41 48,48,48,58,58,74,106,172 1 2 3 4 5 6 7 8 9 10 11 12 13 14 15 16 17 18 19 20 21 22 23 24 25 26 27 28 29 30 31 32 33 34 35 36 37
p 39 37
i 43 2 39
p 39 37
i 47 3 39
i 55 4 39
i 43 2 39
i 71 5 39
p 39 37
i 103 6 39
i 47 3 39
i 167 7 39
i 43 2 39
i 55 4 39
i 71 5 39
i 47 3 39
p 39 37
i 55 4 39
i 43 2 39
i 103 6 39
i 47 3 39
i 71 5 39
i 167 7 39
p 39 37
u 48 2
i 103 6 39
i 55 4 39
i 71 5 39
u 48 3
i 167 7 39
p 39 37
i 103 6 39
u 58 4
u 74 5
i 167 7 39
p 39 37
i 103 6 39
i 167 7 39
u 106 6
p 39 37
u 172 7
p 39 37
finished 0
j 184
j 184
j 184
j 184
p 184 172
successor 172 189 197,197,197,197,225,225,0,65 167 168 169 170 171 172
p 184 172
i 192 3 184
p 184 172
i 200 4 184
i 216 5 184
i 248 6 184
i 192 3 184
i 56 7 184
p 184 172
i 200 4 184
i 216 5 184
i 192 3 184
p 184 172
u 0 6
i 200 4 184
i 56 7 184
i 216 5 184
i 192 3 184
p 184 172
i 200 4 184
i 192 3 184
i 56 7 184
i 216 5 184
p 184 172
i 200 4 184
u 197 3
i 56 7 184
i 216 5 184
p 184 172
i 200 4 184
u 58 7
i 216 5 184
p 184 172
u 200 4
i 216 5 184
p 184 172
u 225 5
p 184 172
p 184 172
p 184 172
p 184 172
p 184 172
p 184 172
p 184 172
finished 0
j 53
j 53
j 53
j 53
p 53 48
successor 48 58 65,65,65,66,74,106,123,189 38 39 40 41 42 43 44 45 46 47 48
p 53 48
i 61 3 53
i 69 4 53
p 53 48
i 85 5 53
i 61 3 53
i 117 6 53
i 181 7 53
i 69 4 53
p 53 48
i 85 5 53
i 61 3 53
i 117 6 53
p 53 48
i 69 4 53
i 181 7 53
i 61 3 53
i 85 5 53
i 117 6 53
p 53 48
i 69 4 53
i 181 7 53
i 85 5 53
i 61 3 53
i 117 6 53
p 53 48
u 74 4
u 65 3
i 181 7 53
i 85 5 53
p 53 48
u 119 6
u 184 7
u 106 5
p 53 48
p 53 48
p 53 48
p 53 48
finished 0
j 220
j 220
j 220
j 220
j 220
j 220
j 220
p 220 200
successor 200 225 0,0,0,0,0,12,37,106 167 168 169 170 171 172 173 174 175 176 177 178 179 180 181 182 183 184 185 186 187 188 189 190 191 192 193 194 195 196 197 198 199 200
p 220 200
i 228 3 220
p 220 200
i 236 4 220
i 252 5 220
u 0 3
i 28 6 220
i 92 7 220
p 220 200
u 0 4
u 0 5
i 28 6 220
p 220 200
i 92 7 220
i 28 6 220
i 92 7 220
p 220 200
u 32 6
p 220 200
i 92 7 220
p 220 200
i 92 7 220
p 220 200
u 106 7
p 220 200
p 220 200
p 220 200
p 220 200
p 220 200
p 220 200
p 220 200
p 220 200
finished 0
j 111
j 111
j 111
j 111
p 111 106
successor 106 119 123,123,123,127,139,158,184,0 1 2 3 4 5 6 7 8 9 10 11 12 13 14 15 16 17 18 19 20 21 22 23 24 25 26 27 28 29 30 31 32 33 34 35 36 37 38 39 40 41 42 43 44 45 46 47 48 49 50 51 52 53 54 55 56 57 58 59 60 61 62 63 64 65 66 67 68 69 70 71 72 73 74 75 76 77 78 79 80 81 82 83 84 85 86 87 88 89 90 91 92 93 94 95 96 97 98 99 100 101 102 103 104 105 106
p 111 106
i 127 4 111
i 143 5 111
i 175 6 111
p 111 106
i 239 7 111
i 127 4 111
i 143 5 111
p 111 106
i 127 4 111
i 175 6 111
u 0 7
i 143 5 111
p 111 106
i 127 4 111
i 175 6 111
u 144 5
p 111 106
i 127 4 111
i 175 6 111
p 111 106
u 184 6
p 111 106
u 127 4
p 111 106
p 111 106
p 111 106
p 111 106
p 111 106
p 111 106
p 111 106
finished 0
j 169
p 169 0
successor 0 0 169,0,0,0,0,0,0,0 0 1 2 3 4 5 6 7 8 9 10 11 12 13 14 15 16 17 18 19 20 21 22 23 24 25 26 27 28 29 30 31 32 33 34 35 36 37 38 39 40 41 42 43 44 45 46 47 48 49 50 51 52 53 54 55 56 57 58 59 60 61 62 63 64 65 66 67 68 69 70 71 72 73 74 75 76 77 78 79 80 81 82 83 84 85 86 87 88 89 90 91 92 93 94 95 96 97 98 99 100 101 102 103 104 105 106 107 108 109 110 111 112 113 114 115 116 117 118 119 120 121 122 123 124 125 126 127 128 129 130 131 132 133 134 135 136 137 138 139 140 141 142 143 144 145 146 147 148 149 150 151 152 153 154 155 156 157 158 159 160 161 162 163 164 165 166 167 168 169 170 171 172 173 174 175 176 177 178 179 180 181 182 183 184 185 186 187 188 189 190 191 192 193 194 195 196 197 198 199 200 201 202 203 204 205 206 207 208 209 210 211 212 213 214 215 216 217 218 219 220 221 222 223 224 225 226 227 228 229 230 231 232 233 234 235 236 237 238 239 240 241 242 243 244 245 246 247 248 249 250 251 252 253 254 255
p 169 0
i 41 7 169
i 41 7 169
finished 0
u 169 7
j 239
p 239 169
successor 169 0 169,169,169,169,169,169,169,169 1 2 3 4 5 6 7 8 9 10 11 12 13 14 15 16 17 18 19 20 21 22 23 24 25 26 27 28 29 30 31 32 33 34 35 36 37 38 39 40 41 42 43 44 45 46 47 48 49 50 51 52 53 54 55 56 57 58 59 60 61 62 63 64 65 66 67 68 69 70 71 72 73 74 75 76 77 78 79 80 81 82 83 84 85 86 87 88 89 90 91 92 93 94 95 96 97 98 99 100 101 102 103 104 105 106 107 108 109 110 111 112 113 114 115 116 117 118 119 120 121 122 123 124 125 126 127 128 129 130 131 132 133 134 135 136 137 138 139 140 141 142 143 144 145 146 147 148 149 150 151 152 153 154 155 156 157 158 159 160 161 162 163 164 165 166 167 168 169
finished 0
i 15 5 239
i 47 6 239
i 111 7 239
i 15 5 239
i 47 6 239
i 111 7 239
u 169 5
u 169 6
u 169 7
j 123
j 123
p 123 0
successor 0 169 239,239,239,239,239,239,239,169 0 1 2 3 4 5 6 7 8 9 10 11 12 13 14 15 16 17 18 19 20 21 22 23 24 25 26 27 28 29 30 31 32 33 34 35 36 37 38 39 40 41 42 43 44 45 46 47 48 49 50 51 52 53 54 55 56 57 58 59 60 61 62 63 64 65 66 67 68 69 70 71 72 73 74 75 76 77 78 79 80 81 82 83 84 85 86 87 88 89 90 91 92 93 94 95 96 97 98 99 100 101 102 103 104 105 106 107 108 109 110 111 112 113 114 115 116 117 118 119 120 121 122 123 124 125 126 127 128 129 130 131 132 133 134 135 136 137 138 139 140 141 142 143 144 145 146 147 148 149 150 151 152 153 154 155 156 157 158 159 160 161 162 163 164 165 166 167 168 169 170 171 172 173 174 175 176 177 178 179 180 181 182 183 184 185 186 187 188 189 190 191 192 193 194 195 196 197 198 199 200 201 202 203 204 205 206 207 208 209 210 211 212 213 214 215 216 217 218 219 220 221 222 223 224 225 226 227 228 229 230 231 232 233 234 235 236 237 238 239 240 241 242 243 244 245 246 247 248 249 250 251 252 253 254 255
p 123 0
p 123 0
i 187 6 123
i 251 7 123
finished 0
i 187 6 123
u 0 7
i 187 6 123
u 239 6
j 247
p 247 239
successor 239 0 123,123,123,123,123,123,123,169 170 171 172 173 174 175 176 177 178 179 180 181 182 183 184 185 186 187 188 189 190 191 192 193 194 195 196 197 198 199 200 201 202 203 204 205 206 207 208 209 210 211 212 213 214 215 216 217 218 219 220 221 222 223 224 225 226 227 228 229 230 231 232 233 234 235 236 237 238 239
p 247 239
i 7 4 247
i 23 5 247
i 55 6 247
i 119 7 247
p 247 239
i 7 4 247
i 23 5 247
finished 0
i 55 6 247
u 123 4
i 119 7 247
u 123 5
u 123 6
u 123 7
j 23
j 23
p 23 0
successor 0 123 169,169,169,169,169,169,239,0 0 1 2 3 4 5 6 7 8 9 10 11 12 13 14 15 16 17 18 19 20 21 22 23 24 25 26 27 28 29 30 31 32 33 34 35 36 37 38 39 40 41 42 43 44 45 46 47 48 49 50 51 52 53 54 55 56 57 58 59 60 61 62 63 64 65 66 67 68 69 70 71 72 73 74 75 76 77 78 79 80 81 82 83 84 85 86 87 88 89 90 91 92 93 94 95 96 97 98 99 100 101 102 103 104 105 106 107 108 109 110 111 112 113 114 115 116 117 118 119 120 121 122 123 124 125 126 127 128 129 130 131 132 133 134 135 136 137 138 139 140 141 142 143 144 145 146 147 148 149 150 151 152 153 154 155 156 157 158 159 160 161 162 163 164 165 166 167 168 169 170 171 172 173 174 175 176 177 178 179 180 181 182 183 184 185 186 187 188 189 190 191 192 193 194 195 196 197 198 199 200 201 202 203 204 205 206 207 208 209 210 211 212 213 214 215 216 217 218 219 220 221 222 223 224 225 226 227 228 229 230 231 232 233 234 235 236 237 238 239 240 241 242 243 244 245 246 247 248 249 250 251 252 253 254 255
p 23 0
i 151 7 23
p 23 0
i 151 7 23
p 23 0
i 151 7 23
finished 0
u 169 7
j 77
j 77
j 77
p 77 23
successor 23 123 169,169,169,169,169,169,239,0 1 2 3 4 5 6 7 8 9 10 11 12 13 14 15 16 17 18 19 20 21 22 23
p 77 23
i 141 6 77
i 205 7 77
p 77 23
i 141 6 77
p 77 23
i 205 7 77
i 141 6 77
p 77 23
i 205 7 77
i 141 6 77
finished 0
u 239 7
u 169 6
j 216
j 216
j 216
p 216 169
successor 169 239 247,247,247,247,0,23,77,123 1 2 3 4 5 6 7 8 9 10 11 12 13 14 15 16 17 18 19 20 21 22 23 24 25 26 27 28 29 30 31 32 33 34 35 36 37 38 39 40 41 42 43 44 45 46 47 48 49 50 51 52 53 54 55 56 57 58 59 60 61 62 63 64 65 66 67 68 69 70 71 72 73 74 75 76 77 78 79 80 81 82 83 84 85 86 87 88 89 90 91 92 93 94 95 96 97 98 99 100 101 102 103 104 105 106 107 108 109 110 111 112 113 114 115 116 117 118 119 120 121 122 123 124 125 126 127 128 129 130 131 132 133 134 135 136 137 138 139 140 141 142 143 144 145 146 147 148 149 150 151 152 153 154 155 156 157 158 159 160 161 162 163 164 165 166 167 168 169
p 216 169
i 248 5 216
p 216 169
i 24 6 216
i 88 7 216
u 0 5
finished 0
i 24 6 216
i 88 7 216
i 24 6 216
i 88 7 216
u 77 6
u 123 7
j 229
j 229
j 229
j 229
p 229 216
successor 216 239 247,247,247,247,0,23,77,123 170 171 172 173 174 175 176 177 178 179 180 181 182 183 184 185 186 187 188 189 190 191 192 193 194 195 196 197 198 199 200 201 202 203 204 205 206 207 208 209 210 211 212 213 214 215 216
p 229 216
i 245 4 229
i 5 5 229
i 37 6 229
p 229 216
i 101 7 229
i 245 4 229
i 5 5 229
i 37 6 229
i 245 4 229
finished 0
i 101 7 229
u 23 5
i 37 6 229
i 245 4 229
i 101 7 229
u 77 6
u 247 4
u 123 7
j 105
j 105
j 105
p 105 77
successor 77 123 169,169,169,169,169,169,216,0 24 25 26 27 28 29 30 31 32 33 34 35 36 37 38 39 40 41 42 43 44 45 46 47 48 49 50 51 52 53 54 55 56 57 58 59 60 61 62 63 64 65 66 67 68 69 70 71 72 73 74 75 76 77
p 105 77
i 137 5 105
p 105 77
i 169 6 105
i 233 7 105
i 137 5 105
p 105 77
i 169 6 105
i 137 5 105
i 233 7 105
p 105 77
i 169 6 105
i 233 7 105
p 105 77
i 137 5 105
i 233 7 105
i 169 6 105
p 105 77
u 169 5
i 233 7 105
u 169 6
finished 0
u 239 7
j 154
j 154
j 154
j 154
p 154 123
successor 123 169 216,216,216,216,216,216,239,77 1 2 3 4 5 6 7 8 9 10 11 12 13 14 15 16 17 18 19 20 21 22 23 24 25 26 27 28 29 30 31 32 33 34 35 36 37 38 39 40 41 42 43 44 45 46 47 48 49 50 51 52 53 54 55 56 57 58 59 60 61 62 63 64 65 66 67 68 69 70 71 72 73 74 75 76 77 78 79 80 81 82 83 84 85 86 87 88 89 90 91 92 93 94 95 96 97 98 99 100 101 102 103 104 105 106 107 108 109 110 111 112 113 114 115 116 117 118 119 120 121 122 123
p 154 123
i 170 4 154
p 154 123
i 186 5 154
i 218 6 154
i 26 7 154
i 170 4 154
p 154 123
i 186 5 154
i 218 6 154
i 170 4 154
p 154 123
i 26 7 154
i 186 5 154
i 218 6 154
finished 0
i 26 7 154
u 216 4
u 216 5
i 218 6 154
u 77 7
u 229 6
j 168
j 168
j 168
p 168 154
successor 154 169 216,216,216,216,216,216,239,77 124 125 126 127 128 129 130 131 132 133 134 135 136 137 138 139 140 141 142 143 144 145 146 147 148 149 150 151 152 153 154
p 168 154
i 170 1 168
i 172 2 168
i 176 3 168
p 168 154
i 170 1 168
i 184 4 168
i 200 5 168
i 232 6 168
i 172 2 168
i 40 7 168
i 176 3 168
p 168 154
i 170 1 168
i 184 4 168
i 172 2 168
i 200 5 168
i 232 6 168
i 176 3 168
i 40 7 168
finished 0
i 184 4 168
i 170 1 168
i 172 2 168
i 200 5 168
i 232 6 168
i 176 3 168
i 40 7 168
i 170 1 168
i 184 4 168
i 172 2 168
i 200 5 168
i 232 6 168
i 176 3 168
u 77 7
i 184 4 168
u 216 1
i 200 5 168
u 216 2
u 239 6
u 216 3
u 216 4
u 216 5
j 144
j 144
j 144
j 144
p 144 123
successor 123 154 168,168,168,168,216,216,229,77 1 2 3 4 5 6 7 8 9 10 11 12 13 14 15 16 17 18 19 20 21 22 23 24 25 26 27 28 29 30 31 32 33 34 35 36 37 38 39 40 41 42 43 44 45 46 47 48 49 50 51 52 53 54 55 56 57 58 59 60 61 62 63 64 65 66 67 68 69 70 71 72 73 74 75 76 77 78 79 80 81 82 83 84 85 86 87 88 89 90 91 92 93 94 95 96 97 98 99 100 101 102 103 104 105 106 107 108 109 110 111 112 113 114 115 116 117 118 119 120 121 122 123
p 144 123
i 160 4 144
i 176 5 144
i 208 6 144
i 16 7 144
p 144 123
i 160 4 144
i 176 5 144
p 144 123
i 208 6 144
i 160 4 144
i 16 7 144
i 176 5 144
p 144 123
u 168 4
u 23 7
i 208 6 144
i 176 5 144
finished 0
i 208 6 144
i 176 5 144
u 216 5
i 208 6 144
u 216 6
j 115
j 115
j 115
j 115
p 115 105
successor 105 123 144,144,144,144,144,168,216,0 78 79 80 81 82 83 84 85 86 87 88 89 90 91 92 93 94 95 96 97 98 99 100 101 102 103 104 105
p 115 105
i 131 4 115
i 147 5 115
p 115 105
i 179 6 115
i 131 4 115
i 243 7 115
i 147 5 115
p 115 105
i 179 6 115
i 131 4 115
i 147 5 115
i 243 7 115
p 115 105
i 179 6 115
u 154 5
i 131 4 115
i 243 7 115
p 115 105
i 179 6 115
finished 0
i 243 7 115
i 131 4 115
i 179 6 115
i 243 7 115
u 144 4
u 216 6
u 247 7
j 241
j 241
j 241
j 241
j 241
p 241 239
successor 239 247 0,0,0,0,23,23,77,123 170 171 172 173 174 175 176 177 178 179 180 181 182 183 184 185 186 187 188 189 190 191 192 193 194 195 196 197 198 199 200 201 202 203 204 205 206 207 208 209 210 211 212 213 214 215 216 217 218 219 220 221 222 223 224 225 226 227 228 229 230 231 232 233 234 235 236 237 238 239
p 241 239
i 249 3 241
i 1 4 241
i 17 5 241
i 49 6 241
p 241 239
u 0 3
i 113 7 241
i 1 4 241
i 17 5 241
i 49 6 241
p 241 239
i 113 7 241
u 23 4
u 23 5
p 241 239
i 113 7 241
i 49 6 241
i 113 7 241
u 77 6
p 241 239
u 115 7
p 241 239
p 241 239
p 241 239
finished 0
j 114
j 114
j 114
j 114
p 114 105
successor 105 115 123,123,123,123,144,154,216,247 78 79 80 81 82 83 84 85 86 87 88 89 90 91 92 93 94 95 96 97 98 99 100 101 102 103 104 105
p 114 105
i 116 1 114
i 118 2 114
p 114 105
i 122 3 114
i 130 4 114
i 146 5 114
i 178 6 114
i 116 1 114
i 242 7 114
i 118 2 114
p 114 105
i 122 3 114
i 116 1 114
i 130 4 114
i 118 2 114
i 146 5 114
i 122 3 114
i 178 6 114
i 116 1 114
i 242 7 114
p 114 105
i 118 2 114
i 130 4 114
i 122 3 114
i 146 5 114
i 178 6 114
i 116 1 114
p 114 105
i 242 7 114
i 130 4 114
i 118 2 114
u 154 5
i 178 6 114
i 122 3 114
p 114 105
u 123 1
i 242 7 114
u 123 2
i 130 4 114
i 178 6 114
u 123 3
finished 0
i 242 7 114
i 130 4 114
u 216 6
i 242 7 114
u 144 4
u 247 7
j 134
j 134
j 134
j 134
j 134
p 134 123
successor 123 144 154,154,154,154,168,216,216,23 1 2 3 4 5 6 7 8 9 10 11 12 13 14 15 16 17 18 19 20 21 22 23 24 25 26 27 28 29 30 31 32 33 34 35 36 37 38 39 40 41 42 43 44 45 46 47 48 49 50 51 52 53 54 55 56 57 58 59 60 61 62 63 64 65 66 67 68 69 70 71 72 73 74 75 76 77 78 79 80 81 82 83 84 85 86 87 88 89 90 91 92 93 94 95 96 97 98 99 100 101 102 103 104 105 106 107 108 109 110 111 112 113 114 115 116 117 118 119 120 121 122 123
p 134 123
i 150 4 134
p 134 123
i 166 5 134
i 198 6 134
i 6 7 134
i 150 4 134
p 134 123
i 198 6 134
i 166 5 134
i 150 4 134
i 6 7 134
p 134 123
i 198 6 134
i 166 5 134
u 23 7
u 154 4
p 134 123
i 198 6 134
i 166 5 134
p 134 123
i 198 6 134
u 168 5
finished 0
u 216 6
j 224
j 224
j 224
j 224
p 224 216
successor 216 229 239,239,239,239,247,23,77,105 170 171 172 173 174 175 176 177 178 179 180 181 182 183 184 185 186 187 188 189 190 191 192 193 194 195 196 197 198 199 200 201 202 203 204 205 206 207 208 209 210 211 212 213 214 215 216
p 224 216
i 232 3 224
i 240 4 224
i 0 5 224
i 32 6 224
i 96 7 224
i 232 3 224
p 224 216
i 240 4 224
u 0 5
i 96 7 224
i 232 3 224
i 32 6 224
p 224 216
i 240 4 224
i 96 7 224
i 232 3 224
p 224 216
i 32 6 224
i 240 4 224
u 105 7
p 224 216
i 240 4 224
i 232 3 224
u 77 6
u 241 4
i 232 3 224
p 224 216
p 224 216
u 239 3
p 224 216
p 224 216
finished 0
j 67
j 67
j 67
p 67 23
successor 23 77 105,105,105,105,105,114,144,216 1 2 3 4 5 6 7 8 9 10 11 12 13 14 15 16 17 18 19 20 21 22 23
p 67 23
i 83 4 67
i 99 5 67
p 67 23
i 131 6 67
i 195 7 67
i 83 4 67
i 99 5 67
p 67 23
i 131 6 67
i 83 4 67
i 195 7 67
i 99 5 67
p 67 23
i 131 6 67
p 67 23
i 83 4 67
i 195 7 67
i 99 5 67
i 131 6 67
p 67 23
i 195 7 67
u 105 4
i 131 6 67
p 67 23
u 105 5
i 195 7 67
p 67 23
i 131 6 67
u 216 7
p 67 23
u 134 6
p 67 23
finished 0
j 236
j 236
j 236
j 236
j 236
j 236
p 236 229
successor 229 239 241,241,247,247,0,23,67,114 217 218 219 220 221 222 223 224 225 226 227 228 229
p 236 229
i 240 2 236
i 244 3 236
i 252 4 236
i 12 5 236
p 236 229
i 44 6 236
i 240 2 236
i 108 7 236
i 244 3 236
u 0 4
p 236 229
i 12 5 236
i 240 2 236
i 244 3 236
i 44 6 236
i 108 7 236
p 236 229
u 23 5
i 240 2 236
i 44 6 236
i 244 3 236
i 108 7 236
p 236 229
i 240 2 236
u 67 6
i 108 7 236
i 244 3 236
p 236 229
u 114 7
p 236 229
i 240 2 236
i 244 3 236
u 241 2
p 236 229
i 244 3 236
p 236 229
u 247 3
p 236 229
p 236 229
finished 0
j 194
j 194
j 194
j 194
j 194
p 194 169
successor 169 216 224,224,224,224,236,0,67,105 1 2 3 4 5 6 7 8 9 10 11 12 13 14 15 16 17 18 19 20 21 22 23 24 25 26 27 28 29 30 31 32 33 34 35 36 37 38 39 40 41 42 43 44 45 46 47 48 49 50 51 52 53 54 55 56 57 58 59 60 61 62 63 64 65 66 67 68 69 70 71 72 73 74 75 76 77 78 79 80 81 82 83 84 85 86 87 88 89 90 91 92 93 94 95 96 97 98 99 100 101 102 103 104 105 106 107 108 109 110 111 112 113 114 115 116 117 118 119 120 121 122 123 124 125 126 127 128 129 130 131 132 133 134 135 136 137 138 139 140 141 142 143 144 145 146 147 148 149 150 151 152 153 154 155 156 157 158 159 160 161 162 163 164 165 166 167 168 169
p 194 169
i 226 5 194
i 2 6 194
p 194 169
i 66 7 194
i 226 5 194
p 194 169
i 2 6 194
i 226 5 194
i 66 7 194
p 194 169
u 23 6
i 226 5 194
i 66 7 194
p 194 169
i 226 5 194
u 67 7
p 194 169
u 229 5
p 194 169
p 194 169
p 194 169
p 194 169
finished 0
j 75
j 75
j 75
p 75 67
successor 67 77 105,105,105,105,105,114,144,216 24 25 26 27 28 29 30 31 32 33 34 35 36 37 38 39 40 41 42 43 44 45 46 47 48 49 50 51 52 53 54 55 56 57 58 59 60 61 62 63 64 65 66 67
p 75 67
i 79 2 75
p 75 67
i 83 3 75
i 91 4 75
i 107 5 75
i 139 6 75
i 203 7 75
i 79 2 75
p 75 67
i 83 3 75
i 91 4 75
i 107 5 75
i 139 6 75
i 79 2 75
i 203 7 75
p 75 67
i 83 3 75
i 91 4 75
i 107 5 75
i 79 2 75
i 139 6 75
i 203 7 75
p 75 67
i 83 3 75
i 91 4 75
i 79 2 75
u 144 6
i 107 5 75
i 83 3 75
p 75 67
i 203 7 75
i 91 4 75
u 105 2
u 114 5
u 105 3
i 203 7 75
p 75 67
u 105 4
p 75 67
u 216 7
p 75 67
finished 0
j 248
p 248 247
successor 247 0 23,23,23,23,23,67,67,134 240 241 242 243 244 245 246 247
p 248 247
i 8 4 248
i 24 5 248
p 248 247
i 56 6 248
i 120 7 248
i 8 4 248
i 56 6 248
u 23 4
p 248 247
i 24 5 248
i 120 7 248
i 56 6 248
p 248 247
i 24 5 248
i 120 7 248
u 67 6
p 248 247
i 120 7 248
u 67 5
p 248 247
i 120 7 248
p 248 247
i 120 7 248
p 248 247
u 123 7
p 248 247
p 248 247
p 248 247
p 248 247
p 248 247
finished 0
j 70
j 70
j 70
p 70 67
successor 67 75 77,77,105,105,105,114,144,216 24 25 26 27 28 29 30 31 32 33 34 35 36 37 38 39 40 41 42 43 44 45 46 47 48 49 50 51 52 53 54 55 56 57 58 59 60 61 62 63 64 65 66 67
p 70 67
i 78 3 70
i 86 4 70
p 70 67
i 102 5 70
i 134 6 70
i 198 7 70
i 78 3 70
i 86 4 70
i 102 5 70
p 70 67
i 198 7 70
i 78 3 70
i 134 6 70
i 86 4 70
i 102 5 70
p 70 67
i 78 3 70
i 134 6 70
i 198 7 70
i 86 4 70
p 70 67
i 102 5 70
i 78 3 70
i 198 7 70
i 86 4 70
i 134 6 70
p 70 67
i 102 5 70
u 105 3
i 198 7 70
p 70 67
u 105 4
i 134 6 70
u 105 5
u 216 7
p 70 67
u 134 6
p 70 67
p 70 67
finished 0
j 214
j 214
j 214
j 214
j 214
p 214 194
successor 194 216 224,224,224,224,236,248,67,105 170 171 172 173 174 175 176 177 178 179 180 181 182 183 184 185 186 187 188 189 190 191 192 193 194
p 214 194
i 218 2 214
i 222 3 214
p 214 194
i 230 4 214
i 246 5 214
i 218 2 214
i 22 6 214
i 86 7 214
i 222 3 214
p 214 194
i 230 4 214
i 246 5 214
i 218 2 214
i 22 6 214
i 222 3 214
i 86 7 214
p 214 194
i 230 4 214
i 218 2 214
i 246 5 214
i 222 3 214
u 23 6
i 86 7 214
p 214 194
i 230 4 214
u 224 2
i 246 5 214
u 224 3
i 86 7 214
i 230 4 214
i 246 5 214
p 214 194
i 246 5 214
i 230 4 214
i 86 7 214
p 214 194
u 247 5
p 214 194
u 236 4
u 105 7
p 214 194
p 214 194
p 214 194
p 214 194
p 214 194
finished 0
j 1
j 1
p 1 0
successor 0 23 67,67,67,67,67,67,105,154 0 1 2 3 4 5 6 7 8 9 10 11 12 13 14 15 16 17 18 19 20 21 22 23 24 25 26 27 28 29 30 31 32 33 34 35 36 37 38 39 40 41 42 43 44 45 46 47 48 49 50 51 52 53 54 55 56 57 58 59 60 61 62 63 64 65 66 67 68 69 70 71 72 73 74 75 76 77 78 79 80 81 82 83 84 85 86 87 88 89 90 91 92 93 94 95 96 97 98 99 100 101 102 103 104 105 106 107 108 109 110 111 112 113 114 115 116 117 118 119 120 121 122 123 124 125 126 127 128 129 130 131 132 133 134 135 136 137 138 139 140 141 142 143 144 145 146 147 148 149 150 151 152 153 154 155 156 157 158 159 160 161 162 163 164 165 166 167 168 169 170 171 172 173 174 175 176 177 178 179 180 181 182 183 184 185 186 187 188 189 190 191 192 193 194 195 196 197 198 199 200 201 202 203 204 205 206 207 208 209 210 211 212 213 214 215 216 217 218 219 220 221 222 223 224 225 226 227 228 229 230 231 232 233 234 235 236 237 238 239 240 241 242 243 244 245 246 247 248 249 250 251 252 253 254 255
p 1 0
i 33 5 1
i 65 6 1
i 129 7 1
i 33 5 1
p 1 0
i 65 6 1
i 129 7 1
i 33 5 1
p 1 0
i 65 6 1
i 129 7 1
p 1 0
u 67 5
i 129 7 1
u 67 6
p 1 0
i 129 7 1
p 1 0
u 134 7
p 1 0
p 1 0
p 1 0
p 1 0
p 1 0
p 1 0
p 1 0
p 1 0
p 1 0
finished 0
j 54
j 54
j 54
p 54 23
successor 23 67 70,70,75,75,105,105,134,214 1 2 3 4 5 6 7 8 9 10 11 12 13 14 15 16 17 18 19 20 21 22 23
p 54 23
i 70 4 54
i 86 5 54
i 118 6 54
i 182 7 54
p 54 23
i 70 4 54
i 86 5 54
i 118 6 54
p 54 23
i 70 4 54
i 182 7 54
i 86 5 54
i 118 6 54
p 54 23
u 70 4
i 182 7 54
i 86 5 54
p 54 23
i 118 6 54
i 182 7 54
i 86 5 54
p 54 23
i 182 7 54
i 118 6 54
u 105 5
p 54 23
i 118 6 54
u 194 7
p 54 23
u 123 6
p 54 23
p 54 23
p 54 23
p 54 23
p 54 23
p 54 23
p 54 23
finished 0
j 93
j 93
j 93
j 93
j 93
p 93 77
successor 77 105 114,114,114,114,123,144,169,236 24 25 26 27 28 29 30 31 32 33 34 35 36 37 38 39 40 41 42 43 44 45 46 47 48 49 50 51 52 53 54 55 56 57 58 59 60 61 62 63 64 65 66 67 68 69 70 71 72 73 74 75 76 77
p 93 77
i 109 4 93
i 125 5 93
i 157 6 93
i 221 7 93
p 93 77
i 109 4 93
i 125 5 93
i 157 6 93
i 109 4 93
i 221 7 93
p 93 77
i 125 5 93
i 157 6 93
p 93 77
i 109 4 93
i 221 7 93
i 125 5 93
i 157 6 93
p 93 77
i 221 7 93
i 125 5 93
u 114 4
u 168 6
i 221 7 93
u 134 5
p 93 77
p 93 77
u 224 7
p 93 77
p 93 77
p 93 77
p 93 77
p 93 77
p 93 77
p 93 77
p 93 77
p 93 77
finished 0
j 149
j 149
j 149
j 149
p 149 144
successor 144 154 168,168,168,168,194,194,224,54 124 125 126 127 128 129 130 131 132 133 134 135 136 137 138 139 140 141 142 143 144
p 149 144
i 157 3 149
i 165 4 149
p 149 144
i 181 5 149
i 213 6 149
i 21 7 149
i 157 3 149
i 165 4 149
p 149 144
i 181 5 149
i 157 3 149
i 21 7 149
i 165 4 149
i 213 6 149
i 157 3 149
p 149 144
i 21 7 149
i 181 5 149
i 165 4 149
i 213 6 149
u 168 3
p 149 144
u 23 7
i 181 5 149
u 168 4
i 213 6 149
p 149 144
i 181 5 149
i 213 6 149
p 149 144
u 194 5
u 214 6
p 149 144
p 149 144
p 149 144
p 149 144
p 149 144
finished 0
j 132
j 132
j 132
j 132
j 132
p 132 123
successor 123 134 144,144,144,144,154,168,214,23 1 2 3 4 5 6 7 8 9 10 11 12 13 14 15 16 17 18 19 20 21 22 23 24 25 26 27 28 29 30 31 32 33 34 35 36 37 38 39 40 41 42 43 44 45 46 47 48 49 50 51 52 53 54 55 56 57 58 59 60 61 62 63 64 65 66 67 68 69 70 71 72 73 74 75 76 77 78 79 80 81 82 83 84 85 86 87 88 89 90 91 92 93 94 95 96 97 98 99 100 101 102 103 104 105 106 107 108 109 110 111 112 113 114 115 116 117 118 119 120 121 122 123
p 132 123
i 136 2 132
i 140 3 132
i 148 4 132
i 164 5 132
i 196 6 132
p 132 123
i 4 7 132
i 136 2 132
i 140 3 132
i 148 4 132
i 164 5 132
p 132 123
i 136 2 132
i 196 6 132
i 140 3 132
i 4 7 132
i 148 4 132
i 164 5 132
u 144 2
i 196 6 132
p 132 123
u 144 3
i 4 7 132
i 164 5 132
i 148 4 132
i 196 6 132
u 23 7
p 132 123
u 168 5
u 149 4
i 196 6 132
p 132 123
u 214 6
p 132 123
p 132 123
p 132 123
p 132 123
p 132 123
p 132 123
finished 0
j 209
j 209
j 209
j 209
j 209
p 209 194
successor 194 214 216,216,224,224,236,247,23,93 170 171 172 173 174 175 176 177 178 179 180 181 182 183 184 185 186 187 188 189 190 191 192 193 194
p 209 194
i 217 3 209
i 225 4 209
i 241 5 209
i 17 6 209
p 209 194
i 81 7 209
i 225 4 209
i 217 3 209
i 241 5 209
i 225 4 209
p 209 194
i 17 6 209
i 217 3 209
i 81 7 209
i 225 4 209
i 81 7 209
i 17 6 209
i 241 5 209
p 209 194
i 217 3 209
i 81 7 209
p 209 194
i 217 3 209
i 241 5 209
i 225 4 209
u 23 6
i 81 7 209
i 241 5 209
p 209 194
u 224 3
u 229 4
u 93 7
i 241 5 209
p 209 194
u 241 5
p 209 194
p 209 194
p 209 194
p 209 194
p 209 194
p 209 194
p 209 194
p 209 194
p 209 194
finished 0
j 211
p 211 0
successor 0 0 211,0,0,0,0,0,0,0 0 1 2 3 4 5 6 7 8 9 10 11 12 13 14 15 16 17 18 19 20 21 22 23 24 25 26 27 28 29 30 31 32 33 34 35 36 37 38 39 40 41 42 43 44 45 46 47 48 49 50 51 52 53 54 55 56 57 58 59 60 61 62 63 64 65 66 67 68 69 70 71 72 73 74 75 76 77 78 79 80 81 82 83 84 85 86 87 88 89 90 91 92 93 94 95 96 97 98 99 100 101 102 103 104 105 106 107 108 109 110 111 112 113 114 115 116 117 118 119 120 121 122 123 124 125 126 127 128 129 130 131 132 133 134 135 136 137 138 139 140 141 142 143 144 145 146 147 148 149 150 151 152 153 154 155 156 157 158 159 160 161 162 163 164 165 166 167 168 169 170 171 172 173 174 175 176 177 178 179 180 181 182 183 184 185 186 187 188 189 190 191 192 193 194 195 196 197 198 199 200 201 202 203 204 205 206 207 208 209 210 211 212 213 214 215 216 217 218 219 220 221 222 223 224 225 226 227 228 229 230 231 232 233 234 235 236 237 238 239 240 241 242 243 244 245 246 247 248 249 250 251 252 253 254 255
p 211 0
i 19 6 211
i 83 7 211
finished 0
i 19 6 211
i 83 7 211
u 211 6
u 211 7
j 234
p 234 211
successor 211 0 211,211,211,211,211,211,211,211 1 2 3 4 5 6 7 8 9 10 11 12 13 14 15 16 17 18 19 20 21 22 23 24 25 26 27 28 29 30 31 32 33 34 35 36 37 38 39 40 41 42 43 44 45 46 47 48 49 50 51 52 53 54 55 56 57 58 59 60 61 62 63 64 65 66 67 68 69 70 71 72 73 74 75 76 77 78 79 80 81 82 83 84 85 86 87 88 89 90 91 92 93 94 95 96 97 98 99 100 101 102 103 104 105 106 107 108 109 110 111 112 113 114 115 116 117 118 119 120 121 122 123 124 125 126 127 128 129 130 131 132 133 134 135 136 137 138 139 140 141 142 143 144 145 146 147 148 149 150 151 152 153 154 155 156 157 158 159 160 161 162 163 164 165 166 167 168 169 170 171 172 173 174 175 176 177 178 179 180 181 182 183 184 185 186 187 188 189 190 191 192 193 194 195 196 197 198 199 200 201 202 203 204 205 206 207 208 209 210 211
finished 0
i 10 5 234
i 42 6 234
i 106 7 234
i 10 5 234
i 42 6 234
i 106 7 234
u 211 5
u 211 6
u 211 7
j 90
j 90
p 90 0
successor 0 211 234,234,234,234,234,0,211,211 0 1 2 3 4 5 6 7 8 9 10 11 12 13 14 15 16 17 18 19 20 21 22 23 24 25 26 27 28 29 30 31 32 33 34 35 36 37 38 39 40 41 42 43 44 45 46 47 48 49 50 51 52 53 54 55 56 57 58 59 60 61 62 63 64 65 66 67 68 69 70 71 72 73 74 75 76 77 78 79 80 81 82 83 84 85 86 87 88 89 90 91 92 93 94 95 96 97 98 99 100 101 102 103 104 105 106 107 108 109 110 111 112 113 114 115 116 117 118 119 120 121 122 123 124 125 126 127 128 129 130 131 132 133 134 135 136 137 138 139 140 141 142 143 144 145 146 147 148 149 150 151 152 153 154 155 156 157 158 159 160 161 162 163 164 165 166 167 168 169 170 171 172 173 174 175 176 177 178 179 180 181 182 183 184 185 186 187 188 189 190 191 192 193 194 195 196 197 198 199 200 201 202 203 204 205 206 207 208 209 210 211 212 213 214 215 216 217 218 219 220 221 222 223 224 225 226 227 228 229 230 231 232 233 234 235 236 237 238 239 240 241 242 243 244 245 246 247 248 249 250 251 252 253 254 255
p 90 0
i 218 7 90
p 90 0
i 218 7 90
finished 0
i 218 7 90
u 234 7
j 119
j 119
j 119
p 119 90
successor 90 211 234,234,234,234,234,0,90,90 1 2 3 4 5 6 7 8 9 10 11 12 13 14 15 16 17 18 19 20 21 22 23 24 25 26 27 28 29 30 31 32 33 34 35 36 37 38 39 40 41 42 43 44 45 46 47 48 49 50 51 52 53 54 55 56 57 58 59 60 61 62 63 64 65 66 67 68 69 70 71 72 73 74 75 76 77 78 79 80 81 82 83 84 85 86 87 88 89 90
p 119 90
i 247 7 119
p 119 90
u 0 7
finished 0
j 71
j 71
p 71 0
successor 0 90 119,119,119,119,119,211,211,234 0 1 2 3 4 5 6 7 8 9 10 11 12 13 14 15 16 17 18 19 20 21 22 23 24 25 26 27 28 29 30 31 32 33 34 35 36 37 38 39 40 41 42 43 44 45 46 47 48 49 50 51 52 53 54 55 56 57 58 59 60 61 62 63 64 65 66 67 68 69 70 71 72 73 74 75 76 77 78 79 80 81 82 83 84 85 86 87 88 89 90 91 92 93 94 95 96 97 98 99 100 101 102 103 104 105 106 107 108 109 110 111 112 113 114 115 116 117 118 119 120 121 122 123 124 125 126 127 128 129 130 131 132 133 134 135 136 137 138 139 140 141 142 143 144 145 146 147 148 149 150 151 152 153 154 155 156 157 158 159 160 161 162 163 164 165 166 167 168 169 170 171 172 173 174 175 176 177 178 179 180 181 182 183 184 185 186 187 188 189 190 191 192 193 194 195 196 197 198 199 200 201 202 203 204 205 206 207 208 209 210 211 212 213 214 215 216 217 218 219 220 221 222 223 224 225 226 227 228 229 230 231 232 233 234 235 236 237 238 239 240 241 242 243 244 245 246 247 248 249 250 251 252 253 254 255
p 71 0
i 103 5 71
i 135 6 71
p 71 0
i 199 7 71
i 103 5 71
i 199 7 71
finished 0
i 103 5 71
i 135 6 71
i 103 5 71
i 199 7 71
i 135 6 71
u 119 5
i 199 7 71
i 135 6 71
i 199 7 71
i 135 6 71
u 211 7
u 211 6
j 29
j 29
p 29 0
successor 0 71 90,90,90,90,90,119,211,211 0 1 2 3 4 5 6 7 8 9 10 11 12 13 14 15 16 17 18 19 20 21 22 23 24 25 26 27 28 29 30 31 32 33 34 35 36 37 38 39 40 41 42 43 44 45 46 47 48 49 50 51 52 53 54 55 56 57 58 59 60 61 62 63 64 65 66 67 68 69 70 71 72 73 74 75 76 77 78 79 80 81 82 83 84 85 86 87 88 89 90 91 92 93 94 95 96 97 98 99 100 101 102 103 104 105 106 107 108 109 110 111 112 113 114 115 116 117 118 119 120 121 122 123 124 125 126 127 128 129 130 131 132 133 134 135 136 137 138 139 140 141 142 143 144 145 146 147 148 149 150 151 152 153 154 155 156 157 158 159 160 161 162 163 164 165 166 167 168 169 170 171 172 173 174 175 176 177 178 179 180 181 182 183 184 185 186 187 188 189 190 191 192 193 194 195 196 197 198 199 200 201 202 203 204 205 206 207 208 209 210 211 212 213 214 215 216 217 218 219 220 221 222 223 224 225 226 227 228 229 230 231 232 233 234 235 236 237 238 239 240 241 242 243 244 245 246 247 248 249 250 251 252 253 254 255
p 29 0
i 93 6 29
p 29 0
i 157 7 29
finished 0
i 157 7 29
i 93 6 29
i 157 7 29
i 93 6 29
i 157 7 29
i 93 6 29
u 211 7
u 119 6
j 64
j 64
j 64
p 64 29
successor 29 71 90,90,90,90,90,119,211,211 1 2 3 4 5 6 7 8 9 10 11 12 13 14 15 16 17 18 19 20 21 22 23 24 25 26 27 28 29
p 64 29
i 72 3 64
i 80 4 64
i 96 5 64
i 128 6 64
i 192 7 64
p 64 29
i 72 3 64
i 80 4 64
p 64 29
i 128 6 64
i 72 3 64
i 96 5 64
i 192 7 64
finished 0
i 80 4 64
i 128 6 64
i 72 3 64
i 96 5 64
i 192 7 64
i 80 4 64
i 128 6 64
u 90 3
i 96 5 64
i 192 7 64
u 90 4
i 96 5 64
i 128 6 64
i 192 7 64
u 119 5
u 211 6
u 211 7
j 192
j 192
j 192
j 192
p 192 119
successor 119 211 234,234,234,234,234,0,29,90 91 92 93 94 95 96 97 98 99 100 101 102 103 104 105 106 107 108 109 110 111 112 113 114 115 116 117 118 119
p 192 119
i 224 5 192
i 0 6 192
i 64 7 192
p 192 119
i 224 5 192
u 0 6
p 192 119
i 64 7 192
i 224 5 192
p 192 119
i 64 7 192
u 234 5
u 64 7
p 192 119
finished 0
j 255
p 255 234
successor 234 0 29,29,29,29,29,64,64,192 212 213 214 215 216 217 218 219 220 221 222 223 224 225 226 227 228 229 230 231 232 233 234
p 255 234
i 1 1 255
i 3 2 255
i 7 3 255
i 15 4 255
i 31 5 255
i 63 6 255
i 127 7 255
p 255 234
i 1 1 255
i 3 2 255
i 7 3 255
i 15 4 255
i 31 5 255
p 255 234
u 29 1
i 63 6 255
i 127 7 255
u 29 2
u 29 3
u 29 4
finished 0
i 31 5 255
i 127 7 255
i 63 6 255
u 64 5
u 64 6
i 127 7 255
u 192 7
j 139
j 139
j 139
j 139
p 139 119
successor 119 192 211,211,211,211,211,234,0,64 91 92 93 94 95 96 97 98 99 100 101 102 103 104 105 106 107 108 109 110 111 112 113 114 115 116 117 118 119
p 139 119
i 203 6 139
i 11 7 139
p 139 119
i 203 6 139
i 11 7 139
p 139 119
i 203 6 139
u 29 7
p 139 119
u 211 6
p 139 119
p 139 119
finished 0
j 178
j 178
j 178
p 178 139
successor 139 192 211,211,211,211,211,234,0,64 120 121 122 123 124 125 126 127 128 129 130 131 132 133 134 135 136 137 138 139
p 178 139
i 194 4 178
i 210 5 178
i 242 6 178
i 50 7 178
p 178 139
i 194 4 178
i 210 5 178
p 178 139
i 242 6 178
i 50 7 178
i 194 4 178
p 178 139
i 210 5 178
i 242 6 178
i 50 7 178
i 194 4 178
p 178 139
i 210 5 178
i 242 6 178
u 64 7
i 194 4 178
finished 0
i 210 5 178
i 242 6 178
u 211 4
u 255 6
u 211 5
j 84
j 84
j 84
j 84
p 84 71
successor 71 90 119,119,119,119,119,139,178,234 1 2 3 4 5 6 7 8 9 10 11 12 13 14 15 16 17 18 19 20 21 22 23 24 25 26 27 28 29 30 31 32 33 34 35 36 37 38 39 40 41 42 43 44 45 46 47 48 49 50 51 52 53 54 55 56 57 58 59 60 61 62 63 64 65 66 67 68 69 70 71
p 84 71
i 92 3 84
i 100 4 84
i 116 5 84
i 148 6 84
i 212 7 84
p 84 71
i 100 4 84
i 92 3 84
p 84 71
i 116 5 84
i 100 4 84
i 92 3 84
i 148 6 84
i 212 7 84
p 84 71
i 116 5 84
i 100 4 84
i 92 3 84
i 148 6 84
i 212 7 84
p 84 71
i 116 5 84
i 100 4 84
i 92 3 84
u 178 6
i 212 7 84
p 84 71
i 116 5 84
u 119 4
u 119 3
u 234 7
u 119 5
finished 0
j 177
j 177
j 177
p 177 139
successor 139 178 192,192,192,192,211,211,255,64 120 121 122 123 124 125 126 127 128 129 130 131 132 133 134 135 136 137 138 139
p 177 139
i 179 1 177
i 181 2 177
i 185 3 177
i 193 4 177
p 177 139
i 209 5 177
i 241 6 177
i 49 7 177
i 181 2 177
i 179 1 177
p 177 139
i 185 3 177
i 209 5 177
i 181 2 177
i 193 4 177
i 241 6 177
i 49 7 177
i 185 3 177
i 179 1 177
i 209 5 177
p 177 139
i 181 2 177
i 49 7 177
i 193 4 177
i 185 3 177
i 241 6 177
i 179 1 177
p 177 139
i 209 5 177
u 64 7
i 181 2 177
i 193 4 177
i 241 6 177
i 185 3 177
i 179 1 177
p 177 139
i 209 5 177
i 193 4 177
u 192 2
i 241 6 177
u 192 3
finished 0
u 192 1
i 209 5 177
i 193 4 177
u 255 6
u 211 5
u 211 4
j 213
j 213
j 213
j 213
p 213 211
successor 211 234 255,255,255,255,255,29,64,119 1 2 3 4 5 6 7 8 9 10 11 12 13 14 15 16 17 18 19 20 21 22 23 24 25 26 27 28 29 30 31 32 33 34 35 36 37 38 39 40 41 42 43 44 45 46 47 48 49 50 51 52 53 54 55 56 57 58 59 60 61 62 63 64 65 66 67 68 69 70 71 72 73 74 75 76 77 78 79 80 81 82 83 84 85 86 87 88 89 90 91 92 93 94 95 96 97 98 99 100 101 102 103 104 105 106 107 108 109 110 111 112 113 114 115 116 117 118 119 120 121 122 123 124 125 126 127 128 129 130 131 132 133 134 135 136 137 138 139 140 141 142 143 144 145 146 147 148 149 150 151 152 153 154 155 156 157 158 159 160 161 162 163 164 165 166 167 168 169 170 171 172 173 174 175 176 177 178 179 180 181 182 183 184 185 186 187 188 189 190 191 192 193 194 195 196 197 198 199 200 201 202 203 204 205 206 207 208 209 210 211
p 213 211
i 245 5 213
i 21 6 213
i 85 7 213
p 213 211
i 21 6 213
p 213 211
i 85 7 213
i 245 5 213
p 213 211
u 29 6
i 245 5 213
i 85 7 213
p 213 211
i 245 5 213
p 213 211
i 85 7 213
u 90 7
i 245 5 213
p 213 211
u 255 5
finished 0
j 232
j 232
j 232
j 232
j 232
p 232 213
successor 213 234 255,255,255,255,255,29,64,119 212 213
p 232 213
i 236 2 232
i 240 3 232
i 248 4 232
i 8 5 232
i 40 6 232
i 104 7 232
p 232 213
i 236 2 232
i 240 3 232
p 232 213
i 8 5 232
i 236 2 232
i 248 4 232
i 240 3 232
i 40 6 232
i 104 7 232
p 232 213
u 29 5
i 236 2 232
i 248 4 232
i 240 3 232
i 40 6 232
p 232 213
i 104 7 232
i 236 2 232
i 248 4 232
u 64 6
i 240 3 232
p 232 213
i 236 2 232
i 104 7 232
i 248 4 232
i 240 3 232
p 232 213
u 255 2
i 104 7 232
i 248 4 232
finished 0
u 255 3
u 119 7
u 255 4
j 122
j 122
j 122
j 122
p 122 119
successor 119 139 177,177,177,177,177,177,211,29 91 92 93 94 95 96 97 98 99 100 101 102 103 104 105 106 107 108 109 110 111 112 113 114 115 116 117 118 119
p 122 119
i 154 5 122
i 186 6 122
i 250 7 122
p 122 119
i 154 5 122
i 186 6 122
i 250 7 122
p 122 119
i 154 5 122
i 186 6 122
i 250 7 122
p 122 119
u 177 5
i 186 6 122
i 250 7 122
p 122 119
i 186 6 122
i 250 7 122
p 122 119
u 192 6
i 250 7 122
p 122 119
u 255 7
finished 0
j 57
j 57
j 57
p 57 29
successor 29 64 71,71,71,84,84,119,139,192 1 2 3 4 5 6 7 8 9 10 11 12 13 14 15 16 17 18 19 20 21 22 23 24 25 26 27 28 29
p 57 29
i 65 3 57
i 73 4 57
i 89 5 57
i 121 6 57
i 185 7 57
p 57 29
i 65 3 57
i 73 4 57
i 89 5 57
p 57 29
i 121 6 57
i 65 3 57
i 185 7 57
i 73 4 57
i 89 5 57
p 57 29
i 121 6 57
u 71 3
i 185 7 57
i 89 5 57
i 73 4 57
i 121 6 57
p 57 29
u 90 5
u 84 4
u 122 6
i 185 7 57
p 57 29
i 185 7 57
p 57 29
u 192 7
p 57 29
p 57 29
finished 0
j 247
j 247
j 247
j 247
j 247
j 247
p 247 234
successor 234 255 0,29,29,29,29,57,64,139 212 213 214 215 216 217 218 219 220 221 222 223 224 225 226 227 228 229 230 231 232 233 234
i 7 4 247
p 247 234
i 23 5 247
i 55 6 247
i 119 7 247
p 247 234
i 23 5 247
i 7 4 247
i 55 6 247
i 119 7 247
p 247 234
u 29 5
u 29 4
i 55 6 247
i 119 7 247
p 247 234
u 57 6
i 119 7 247
p 247 234
i 119 7 247
p 247 234
u 119 7
p 247 234
p 247 234
p 247 234
finished 0
j 40
j 40
j 40
p 40 29
successor 29 57 64,64,64,71,84,90,122,192 1 2 3 4 5 6 7 8 9 10 11 12 13 14 15 16 17 18 19 20 21 22 23 24 25 26 27 28 29
p 40 29
i 72 5 40
i 104 6 40
i 168 7 40
p 40 29
i 72 5 40
i 104 6 40
i 168 7 40
p 40 29
i 72 5 40
i 104 6 40
i 168 7 40
p 40 29
i 72 5 40
i 104 6 40
u 177 7
p 40 29
u 84 5
i 104 6 40
p 40 29
u 119 6
p 40 29
p 40 29
p 40 29
p 40 29
finished 0
j 9
j 9
p 9 0
successor 0 29 40,40,40,40,57,64,119,177 0 1 2 3 4 5 6 7 8 9 10 11 12 13 14 15 16 17 18 19 20 21 22 23 24 25 26 27 28 29 30 31 32 33 34 35 36 37 38 39 40 41 42 43 44 45 46 47 48 49 50 51 52 53 54 55 56 57 58 59 60 61 62 63 64 65 66 67 68 69 70 71 72 73 74 75 76 77 78 79 80 81 82 83 84 85 86 87 88 89 90 91 92 93 94 95 96 97 98 99 100 101 102 103 104 105 106 107 108 109 110 111 112 113 114 115 116 117 118 119 120 121 122 123 124 125 126 127 128 129 130 131 132 133 134 135 136 137 138 139 140 141 142 143 144 145 146 147 148 149 150 151 152 153 154 155 156 157 158 159 160 161 162 163 164 165 166 167 168 169 170 171 172 173 174 175 176 177 178 179 180 181 182 183 184 185 186 187 188 189 190 191 192 193 194 195 196 197 198 199 200 201 202 203 204 205 206 207 208 209 210 211 212 213 214 215 216 217 218 219 220 221 222 223 224 225 226 227 228 229 230 231 232 233 234 235 236 237 238 239 240 241 242 243 244 245 246 247 248 249 250 251 252 253 254 255
p 9 0
i 41 5 9
i 73 6 9
i 137 7 9
p 9 0
i 73 6 9
p 9 0
i 41 5 9
i 137 7 9
i 73 6 9
p 9 0
i 41 5 9
i 137 7 9
i 73 6 9
p 9 0
u 57 5
i 137 7 9
u 84 6
p 9 0
i 137 7 9
p 9 0
u 139 7
p 9 0
p 9 0
p 9 0
finished 0
j 130
j 130
j 130
j 130
j 130
p 130 122
successor 122 139 177,177,177,177,177,177,211,29 120 121 122
p 130 122
i 146 4 130
i 162 5 130
i 194 6 130
i 2 7 130
p 130 122
i 146 4 130
i 194 6 130
p 130 122
i 162 5 130
i 2 7 130
i 146 4 130
i 194 6 130
u 177 4
p 130 122
u 9 7
i 162 5 130
i 194 6 130
p 130 122
u 177 5
i 194 6 130
p 130 122
u 211 6
p 130 122
p 130 122
p 130 122
p 130 122
p 130 122
finished 0
j 238
j 238
j 238
j 238
j 238
j 238
p 238 234
successor 234 247 255,255,255,255,9,29,57,119 212 213 214 215 216 217 218 219 220 221 222 223 224 225 226 227 228 229 230 231 232 233 234
p 238 234
i 254 4 238
i 14 5 238
i 46 6 238
i 110 7 238
p 238 234
i 254 4 238
i 14 5 238
p 238 234
i 46 6 238
i 110 7 238
i 254 4 238
p 238 234
i 46 6 238
i 110 7 238
i 14 5 238
i 254 4 238
u 57 6
u 29 5
i 254 4 238
p 238 234
i 110 7 238
p 238 234
i 110 7 238
u 255 4
u 119 7
p 238 234
p 238 234
p 238 234
p 238 234
finished 0
j 223
j 223
j 223
j 223
j 223
p 223 213
successor 213 232 234,234,238,247,255,9,40,119 212 213
p 223 213
i 239 4 223
i 255 5 223
i 31 6 223
i 95 7 223
p 223 213
i 239 4 223
i 255 5 223
i 95 7 223
p 223 213
i 31 6 223
i 239 4 223
i 255 5 223
i 95 7 223
p 223 213
i 31 6 223
i 239 4 223
i 255 5 223
i 95 7 223
p 223 213
i 239 4 223
i 255 5 223
u 40 6
i 95 7 223
p 223 213
u 255 5
i 239 4 223
u 119 7
p 223 213
u 247 4
p 223 213
p 223 213
finished 0
j 191
j 191
j 191
j 191
j 191
p 191 178
successor 178 192 211,211,211,211,211,232,0,64 140 141 142 143 144 145 146 147 148 149 150 151 152 153 154 155 156 157 158 159 160 161 162 163 164 165 166 167 168 169 170 171 172 173 174 175 176 177 178
p 191 178
i 193 1 191
i 195 2 191
i 199 3 191
i 207 4 191
i 223 5 191
i 255 6 191
i 63 7 191
p 191 178
i 193 1 191
i 195 2 191
i 199 3 191
p 191 178
i 207 4 191
i 193 1 191
i 223 5 191
i 255 6 191
i 63 7 191
i 199 3 191
i 195 2 191
p 191 178
i 193 1 191
i 207 4 191
i 63 7 191
i 199 3 191
i 255 6 191
i 195 2 191
i 223 5 191
p 191 178
i 193 1 191
i 207 4 191
i 255 6 191
i 199 3 191
i 63 7 191
p 191 178
i 223 5 191
i 195 2 191
i 193 1 191
u 64 7
i 195 2 191
i 255 6 191
i 207 4 191
i 223 5 191
u 211 1
p 191 178
i 199 3 191
u 255 6
p 191 178
i 207 4 191
u 211 2
u 223 5
u 211 3
u 211 4
p 191 178
p 191 178
finished 0
j 59
j 59
j 59
j 59
p 59 57
successor 57 64 71,71,71,84,84,119,130,192 30 31 32 33 34 35 36 37 38 39 40 41 42 43 44 45 46 47 48 49 50 51 52 53 54 55 56 57
p 59 57
i 67 3 59
i 75 4 59
i 91 5 59
i 123 6 59
i 187 7 59
i 67 3 59
p 59 57
i 75 4 59
i 91 5 59
i 123 6 59
i 187 7 59
i 67 3 59
p 59 57
i 75 4 59
i 91 5 59
i 123 6 59
i 187 7 59
u 71 3
p 59 57
i 91 5 59
i 75 4 59
i 187 7 59
p 59 57
i 123 6 59
i 91 5 59
u 84 4
i 187 7 59
p 59 57
i 123 6 59
u 119 5
p 59 57
u 130 6
u 191 7
p 59 57
p 59 57
p 59 57
p 59 57
p 59 57
p 59 57
p 59 57
finished 0
j 212
j 212
j 212
j 212
p 212 211
successor 211 213 223,223,223,223,232,247,29,90 1 2 3 4 5 6 7 8 9 10 11 12 13 14 15 16 17 18 19 20 21 22 23 24 25 26 27 28 29 30 31 32 33 34 35 36 37 38 39 40 41 42 43 44 45 46 47 48 49 50 51 52 53 54 55 56 57 58 59 60 61 62 63 64 65 66 67 68 69 70 71 72 73 74 75 76 77 78 79 80 81 82 83 84 85 86 87 88 89 90 91 92 93 94 95 96 97 98 99 100 101 102 103 104 105 106 107 108 109 110 111 112 113 114 115 116 117 118 119 120 121 122 123 124 125 126 127 128 129 130 131 132 133 134 135 136 137 138 139 140 141 142 143 144 145 146 147 148 149 150 151 152 153 154 155 156 157 158 159 160 161 162 163 164 165 166 167 168 169 170 171 172 173 174 175 176 177 178 179 180 181 182 183 184 185 186 187 188 189 190 191 192 193 194 195 196 197 198 199 200 201 202 203 204 205 206 207 208 209 210 211
p 212 211
i 214 1 212
i 216 2 212
i 220 3 212
i 228 4 212
i 244 5 212
i 20 6 212
i 84 7 212
p 212 211
i 214 1 212
i 216 2 212
i 244 5 212
i 20 6 212
i 228 4 212
p 212 211
i 84 7 212
i 220 3 212
i 214 1 212
i 216 2 212
i 244 5 212
i 20 6 212
i 228 4 212
p 212 211
i 84 7 212
i 214 1 212
i 220 3 212
i 216 2 212
i 244 5 212
u 29 6
p 212 211
i 214 1 212
i 84 7 212
i 228 4 212
i 220 3 212
i 216 2 212
i 244 5 212
p 212 211
u 223 1
u 84 7
i 220 3 212
i 228 4 212
i 244 5 212
u 223 2
p 212 211
u 232 4
p 212 211
u 223 3
u 247 5
p 212 211
p 212 211
finished 0
j 125
j 125
j 125
j 125
j 125
p 125 122
successor 122 130 139,139,139,139,177,177,211,9 120 121 122
p 125 122
i 133 3 125
i 141 4 125
i 157 5 125
i 189 6 125
i 253 7 125
p 125 122
i 133 3 125
i 141 4 125
i 189 6 125
i 253 7 125
p 125 122
i 157 5 125
i 133 3 125
i 189 6 125
p 125 122
u 139 3
i 141 4 125
i 253 7 125
i 189 6 125
i 157 5 125
p 125 122
i 141 4 125
i 253 7 125
i 189 6 125
i 157 5 125
p 125 122
u 177 4
i 253 7 125
u 191 6
p 125 122
u 177 5
u 255 7
p 125 122
p 125 122
p 125 122
p 125 122
p 125 122
finished 0
j 239
j 239
j 239
j 239
j 239
j 239
p 239 238
successor 238 247 255,255,255,255,9,29,57,119 235 236 237 238
p 239 238
i 255 4 239
i 15 5 239
i 47 6 239
i 111 7 239
p 239 238
i 15 5 239
p 239 238
i 255 4 239
i 47 6 239
i 111 7 239
p 239 238
i 15 5 239
i 255 4 239
i 47 6 239
i 111 7 239
p 239 238
u 57 6
u 29 5
i 255 4 239
i 111 7 239
i 255 4 239
p 239 238
i 111 7 239
u 255 4
u 119 7
p 239 238
p 239 238
p 239 238
p 239 238
p 239 238
p 239 238
p 239 238
p 239 238
p 239 238
finished 0
j 124
j 124
j 124
j 124
j 124
p 124 122
successor 122 125 130,130,130,139,177,177,191,255 120 121 122
p 124 122
i 126 1 124
i 128 2 124
i 132 3 124
i 140 4 124
i 156 5 124
i 188 6 124
i 252 7 124
p 124 122
i 126 1 124
i 128 2 124
i 140 4 124
p 124 122
i 126 1 124
i 132 3 124
i 252 7 124
i 188 6 124
i 156 5 124
i 128 2 124
i 140 4 124
p 124 122
i 132 3 124
i 126 1 124
i 252 7 124
i 188 6 124
i 128 2 124
i 140 4 124
i 156 5 124
p 124 122
u 139 3
i 126 1 124
i 252 7 124
i 188 6 124
i 128 2 124
i 156 5 124
u 177 4
p 124 122
i 126 1 124
i 252 7 124
u 177 5
i 188 6 124
i 128 2 124
p 124 122
u 130 1
u 130 2
u 191 6
p 124 122
u 255 7
p 124 122
p 124 122
p 124 122
p 124 122
finished 0
j 106
j 106
j 106
j 106
j 106
p 106 90
successor 90 119 122,122,124,130,139,177,191,247 1 2 3 4 5 6 7 8 9 10 11 12 13 14 15 16 17 18 19 20 21 22 23 24 25 26 27 28 29 30 31 32 33 34 35 36 37 38 39 40 41 42 43 44 45 46 47 48 49 50 51 52 53 54 55 56 57 58 59 60 61 62 63 64 65 66 67 68 69 70 71 72 73 74 75 76 77 78 79 80 81 82 83 84 85 86 87 88 89 90
p 106 90
i 122 4 106
i 138 5 106
i 170 6 106
i 234 7 106
p 106 90
i 122 4 106
p 106 90
i 138 5 106
i 170 6 106
i 122 4 106
i 234 7 106
i 138 5 106
p 106 90
i 122 4 106
i 170 6 106
i 234 7 106
p 106 90
u 122 4
u 139 5
i 234 7 106
i 170 6 106
p 106 90
i 234 7 106
u 177 6
p 106 90
u 234 7
p 106 90
p 106 90
p 106 90
p 106 90
p 106 90
p 106 90
p 106 90
p 106 90
p 106 90
finished 0
j 51
p 51 0
successor 0 0 51,0,0,0,0,0,0,0 0 1 2 3 4 5 6 7 8 9 10 11 12 13 14 15 16 17 18 19 20 21 22 23 24 25 26 27 28 29 30 31 32 33 34 35 36 37 38 39 40 41 42 43 44 45 46 47 48 49 50 51 52 53 54 55 56 57 58 59 60 61 62 63 64 65 66 67 68 69 70 71 72 73 74 75 76 77 78 79 80 81 82 83 84 85 86 87 88 89 90 91 92 93 94 95 96 97 98 99 100 101 102 103 104 105 106 107 108 109 110 111 112 113 114 115 116 117 118 119 120 121 122 123 124 125 126 127 128 129 130 131 132 133 134 135 136 137 138 139 140 141 142 143 144 145 146 147 148 149 150 151 152 153 154 155 156 157 158 159 160 161 162 163 164 165 166 167 168 169 170 171 172 173 174 175 176 177 178 179 180 181 182 183 184 185 186 187 188 189 190 191 192 193 194 195 196 197 198 199 200 201 202 203 204 205 206 207 208 209 210 211 212 213 214 215 216 217 218 219 220 221 222 223 224 225 226 227 228 229 230 231 232 233 234 235 236 237 238 239 240 241 242 243 244 245 246 247 248 249 250 251 252 253 254 255
finished 0
j 238
p 238 51
successor 51 0 51,51,51,51,51,51,0,0 1 2 3 4 5 6 7 8 9 10 11 12 13 14 15 16 17 18 19 20 21 22 23 24 25 26 27 28 29 30 31 32 33 34 35 36 37 38 39 40 41 42 43 44 45 46 47 48 49 50 51
p 238 51
i 14 5 238
i 46 6 238
i 110 7 238
p 238 51
i 14 5 238
i 46 6 238
i 110 7 238
finished 0
u 51 5
u 51 6
i 110 7 238
u 238 7
j 246
p 246 238
successor 238 0 51,51,51,51,51,51,238,238 52 53 54 55 56 57 58 59 60 61 62 63 64 65 66 67 68 69 70 71 72 73 74 75 76 77 78 79 80 81 82 83 84 85 86 87 88 89 90 91 92 93 94 95 96 97 98 99 100 101 102 103 104 105 106 107 108 109 110 111 112 113 114 115 116 117 118 119 120 121 122 123 124 125 126 127 128 129 130 131 132 133 134 135 136 137 138 139 140 141 142 143 144 145 146 147 148 149 150 151 152 153 154 155 156 157 158 159 160 161 162 163 164 165 166 167 168 169 170 171 172 173 174 175 176 177 178 179 180 181 182 183 184 185 186 187 188 189 190 191 192 193 194 195 196 197 198 199 200 201 202 203 204 205 206 207 208 209 210 211 212 213 214 215 216 217 218 219 220 221 222 223 224 225 226 227 228 229 230 231 232 233 234 235 236 237 238
finished 0
i 6 4 246
i 22 5 246
i 54 6 246
i 118 7 246
i 6 4 246
i 22 5 246
i 118 7 246
i 54 6 246
u 51 4
i 118 7 246
u 51 5
i 54 6 246
u 238 7
u 238 6
j 89
j 89
j 89
p 89 51
successor 51 238 246,246,246,246,0,51,51,238 1 2 3 4 5 6 7 8 9 10 11 12 13 14 15 16 17 18 19 20 21 22 23 24 25 26 27 28 29 30 31 32 33 34 35 36 37 38 39 40 41 42 43 44 45 46 47 48 49 50 51
p 89 51
p 89 51
p 89 51
finished 0
j 163
j 163
j 163
p 163 89
successor 89 238 246,246,246,246,0,51,51,238 52 53 54 55 56 57 58 59 60 61 62 63 64 65 66 67 68 69 70 71 72 73 74 75 76 77 78 79 80 81 82 83 84 85 86 87 88 89
p 163 89
i 35 7 163
p 163 89
i 35 7 163
p 163 89
u 51 7
p 163 89
finished 0
j 135
j 135
j 135
p 135 89
successor 89 163 238,238,238,238,238,238,238,51 52 53 54 55 56 57 58 59 60 61 62 63 64 65 66 67 68 69 70 71 72 73 74 75 76 77 78 79 80 81 82 83 84 85 86 87 88 89
p 135 89
i 167 5 135
i 199 6 135
i 7 7 135
p 135 89
i 167 5 135
i 199 6 135
i 7 7 135
p 135 89
i 167 5 135
i 199 6 135
u 51 7
p 135 89
u 238 5
u 238 6
finished 0
j 13
j 13
p 13 0
successor 0 51 89,89,89,89,89,89,135,238 0 1 2 3 4 5 6 7 8 9 10 11 12 13 14 15 16 17 18 19 20 21 22 23 24 25 26 27 28 29 30 31 32 33 34 35 36 37 38 39 40 41 42 43 44 45 46 47 48 49 50 51 52 53 54 55 56 57 58 59 60 61 62 63 64 65 66 67 68 69 70 71 72 73 74 75 76 77 78 79 80 81 82 83 84 85 86 87 88 89 90 91 92 93 94 95 96 97 98 99 100 101 102 103 104 105 106 107 108 109 110 111 112 113 114 115 116 117 118 119 120 121 122 123 124 125 126 127 128 129 130 131 132 133 134 135 136 137 138 139 140 141 142 143 144 145 146 147 148 149 150 151 152 153 154 155 156 157 158 159 160 161 162 163 164 165 166 167 168 169 170 171 172 173 174 175 176 177 178 179 180 181 182 183 184 185 186 187 188 189 190 191 192 193 194 195 196 197 198 199 200 201 202 203 204 205 206 207 208 209 210 211 212 213 214 215 216 217 218 219 220 221 222 223 224 225 226 227 228 229 230 231 232 233 234 235 236 237 238 239 240 241 242 243 244 245 246 247 248 249 250 251 252 253 254 255
p 13 0
i 77 6 13
i 141 7 13
p 13 0
i 77 6 13
p 13 0
i 141 7 13
i 77 6 13
p 13 0
i 141 7 13
u 89 6
finished 0
u 163 7
j 35
j 35
j 35
p 35 13
successor 13 51 89,89,89,89,89,89,135,238 1 2 3 4 5 6 7 8 9 10 11 12 13
p 35 13
i 67 5 35
i 99 6 35
i 163 7 35
p 35 13
i 67 5 35
i 99 6 35
p 35 13
i 163 7 35
i 99 6 35
i 67 5 35
p 35 13
i 163 7 35
u 135 6
i 67 5 35
finished 0
u 163 7
u 89 5
j 224
j 224
j 224
j 224
p 224 163
successor 163 238 246,246,246,246,0,35,51,135 90 91 92 93 94 95 96 97 98 99 100 101 102 103 104 105 106 107 108 109 110 111 112 113 114 115 116 117 118 119 120 121 122 123 124 125 126 127 128 129 130 131 132 133 134 135 136 137 138 139 140 141 142 143 144 145 146 147 148 149 150 151 152 153 154 155 156 157 158 159 160 161 162 163
p 224 163
i 240 4 224
i 0 5 224
i 32 6 224
i 96 7 224
i 240 4 224
p 224 163
u 0 5
i 32 6 224
i 96 7 224
i 240 4 224
p 224 163
i 32 6 224
i 96 7 224
i 240 4 224
finished 0
u 35 6
u 135 7
i 240 4 224
u 246 4
j 207
j 207
j 207
j 207
p 207 163
successor 163 224 238,238,238,238,246,0,35,135 90 91 92 93 94 95 96 97 98 99 100 101 102 103 104 105 106 107 108 109 110 111 112 113 114 115 116 117 118 119 120 121 122 123 124 125 126 127 128 129 130 131 132 133 134 135 136 137 138 139 140 141 142 143 144 145 146 147 148 149 150 151 152 153 154 155 156 157 158 159 160 161 162 163
p 207 163
i 239 5 207
i 15 6 207
i 79 7 207
i 239 5 207
p 207 163
i 15 6 207
i 79 7 207
i 239 5 207
p 207 163
i 79 7 207
i 15 6 207
i 239 5 207
finished 0
u 35 6
i 239 5 207
i 79 7 207
i 239 5 207
u 89 7
u 246 5
j 44
j 44
j 44
p 44 35
successor 35 51 89,89,89,89,89,89,135,207 14 15 16 17 18 19 20 21 22 23 24 25 26 27 28 29 30 31 32 33 34 35
p 44 35
i 52 3 44
i 60 4 44
i 76 5 44
i 108 6 44
i 172 7 44
p 44 35
i 52 3 44
i 60 4 44
i 76 5 44
i 108 6 44
i 52 3 44
i 172 7 44
i 60 4 44
p 44 35
i 76 5 44
i 108 6 44
i 172 7 44
i 52 3 44
p 44 35
i 60 4 44
i 76 5 44
u 135 6
i 172 7 44
u 89 3
p 44 35
u 89 4
u 89 5
u 207 7
p 44 35
finished 0
j 40
j 40
j 40
p 40 35
successor 35 44 51,51,51,89,89,89,135,207 14 15 16 17 18 19 20 21 22 23 24 25 26 27 28 29 30 31 32 33 34 35
p 40 35
i 48 3 40
i 56 4 40
i 72 5 40
i 104 6 40
i 168 7 40
p 40 35
i 56 4 40
i 48 3 40
i 168 7 40
i 104 6 40
i 72 5 40
i 56 4 40
p 40 35
i 48 3 40
i 168 7 40
i 104 6 40
i 72 5 40
i 56 4 40
p 40 35
i 48 3 40
i 168 7 40
u 135 6
u 89 4
i 72 5 40
u 51 3
p 40 35
u 207 7
u 89 5
p 40 35
finished 0
j 196
j 196
j 196
j 196
p 196 163
successor 163 207 224,224,224,224,224,246,35,89 90 91 92 93 94 95 96 97 98 99 100 101 102 103 104 105 106 107 108 109 110 111 112 113 114 115 116 117 118 119 120 121 122 123 124 125 126 127 128 129 130 131 132 133 134 135 136 137 138 139 140 141 142 143 144 145 146 147 148 149 150 151 152 153 154 155 156 157 158 159 160 161 162 163
p 196 163
i 212 4 196
i 228 5 196
i 4 6 196
i 68 7 196
p 196 163
i 212 4 196
i 228 5 196
p 196 163
i 4 6 196
i 68 7 196
i 212 4 196
p 196 163
i 68 7 196
u 13 6
i 228 5 196
i 212 4 196
p 196 163
i 228 5 196
u 224 4
i 68 7 196
finished 0
i 228 5 196
u 89 7
u 238 5
j 123
j 123
j 123
p 123 89
successor 89 135 163,163,163,163,163,196,207,13 52 53 54 55 56 57 58 59 60 61 62 63 64 65 66 67 68 69 70 71 72 73 74 75 76 77 78 79 80 81 82 83 84 85 86 87 88 89
p 123 89
i 139 4 123
i 155 5 123
i 187 6 123
i 251 7 123
p 123 89
i 139 4 123
i 155 5 123
u 0 7
i 187 6 123
p 123 89
i 139 4 123
i 155 5 123
u 163 4
p 123 89
i 187 6 123
u 163 5
p 123 89
i 187 6 123
p 123 89
u 196 6
p 123 89
p 123 89
p 123 89
finished 0
j 186
j 186
j 186
j 186
p 186 163
successor 163 196 207,207,207,207,224,238,13,89 90 91 92 93 94 95 96 97 98 99 100 101 102 103 104 105 106 107 108 109 110 111 112 113 114 115 116 117 118 119 120 121 122 123 124 125 126 127 128 129 130 131 132 133 134 135 136 137 138 139 140 141 142 143 144 145 146 147 148 149 150 151 152 153 154 155 156 157 158 159 160 161 162 163
p 186 163
i 202 4 186
i 218 5 186
i 250 6 186
i 58 7 186
p 186 163
i 202 4 186
p 186 163
u 0 6
i 218 5 186
i 202 4 186
i 58 7 186
p 186 163
i 218 5 186
i 58 7 186
i 202 4 186
p 186 163
i 218 5 186
i 58 7 186
p 186 163
u 224 5
i 202 4 186
u 89 7
u 207 4
finished 0
j 76
j 76
j 76
j 76
p 76 51
successor 51 89 123,123,123,123,123,123,163,224 1 2 3 4 5 6 7 8 9 10 11 12 13 14 15 16 17 18 19 20 21 22 23 24 25 26 27 28 29 30 31 32 33 34 35 36 37 38 39 40 41 42 43 44 45 46 47 48 49 50 51
p 76 51
i 92 4 76
i 108 5 76
i 140 6 76
i 204 7 76
p 76 51
i 92 4 76
i 108 5 76
p 76 51
i 140 6 76
i 204 7 76
i 92 4 76
i 140 6 76
i 108 5 76
p 76 51
u 123 4
i 204 7 76
u 163 6
i 204 7 76
u 123 5
p 76 51
i 204 7 76
p 76 51
u 207 7
p 76 51
p 76 51
p 76 51
p 76 51
p 76 51
finished 0
j 226
j 226
j 226
j 226
j 226
p 226 224
successor 224 238 246,246,246,246,0,35,51,123 164 165 166 167 168 169 170 171 172 173 174 175 176 177 178 179 180 181 182 183 184 185 186 187 188 189 190 191 192 193 194 195 196 197 198 199 200 201 202 203 204 205 206 207 208 209 210 211 212 213 214 215 216 217 218 219 220 221 222 223 224
p 226 224
i 242 4 226
i 2 5 226
i 34 6 226
i 98 7 226
i 242 4 226
p 226 224
i 2 5 226
i 34 6 226
i 98 7 226
i 242 4 226
u 13 5
p 226 224
i 34 6 226
i 98 7 226
i 242 4 226
p 226 224
i 98 7 226
i 242 4 226
u 35 6
p 226 224
i 242 4 226
u 123 7
p 226 224
u 246 4
finished 0
j 166
j 166
j 166
j 166
p 166 163
successor 163 186 196,196,196,196,207,224,0,76 90 91 92 93 94 95 96 97 98 99 100 101 102 103 104 105 106 107 108 109 110 111 112 113 114 115 116 117 118 119 120 121 122 123 124 125 126 127 128 129 130 131 132 133 134 135 136 137 138 139 140 141 142 143 144 145 146 147 148 149 150 151 152 153 154 155 156 157 158 159 160 161 162 163
p 166 163
i 198 5 166
i 230 6 166
i 38 7 166
p 166 163
i 198 5 166
i 230 6 166
i 38 7 166
i 198 5 166
p 166 163
i 230 6 166
i 38 7 166
i 198 5 166
p 166 163
i 230 6 166
u 40 7
i 198 5 166
p 166 163
i 230 6 166
u 207 5
p 166 163
i 230 6 166
u 238 6
p 166 163
finished 0
j 184
j 184
j 184
j 184
j 184
p 184 166
successor 166 186 196,196,196,196,207,224,0,76 164 165 166
p 184 166
i 188 2 184
i 192 3 184
i 200 4 184
i 216 5 184
i 248 6 184
i 56 7 184
p 184 166
i 188 2 184
i 192 3 184
p 184 166
u 0 6
i 188 2 184
i 216 5 184
i 200 4 184
i 56 7 184
p 184 166
i 192 3 184
i 56 7 184
i 216 5 184
p 184 166
i 188 2 184
i 200 4 184
i 192 3 184
p 184 166
i 216 5 184
i 188 2 184
i 56 7 184
i 200 4 184
i 192 3 184
p 184 166
u 196 2
p 184 166
u 224 5
u 76 7
i 200 4 184
u 196 3
i 200 4 184
finished 0
u 207 4
j 145
j 145
j 145
p 145 135
successor 135 163 166,166,184,184,184,196,238,35 90 91 92 93 94 95 96 97 98 99 100 101 102 103 104 105 106 107 108 109 110 111 112 113 114 115 116 117 118 119 120 121 122 123 124 125 126 127 128 129 130 131 132 133 134 135
p 145 135
i 177 5 145
i 209 6 145
i 17 7 145
p 145 135
i 177 5 145
i 209 6 145
i 17 7 145
p 145 135
i 177 5 145
i 209 6 145
i 17 7 145
p 145 135
i 177 5 145
i 209 6 145
u 35 7
p 145 135
i 177 5 145
u 224 6
p 145 135
u 184 5
p 145 135
p 145 135
finished 0
j 212
j 212
j 212
j 212
p 212 207
successor 207 224 226,226,238,238,246,0,35,123 164 165 166 167 168 169 170 171 172 173 174 175 176 177 178 179 180 181 182 183 184 185 186 187 188 189 190 191 192 193 194 195 196 197 198 199 200 201 202 203 204 205 206 207
p 212 207
i 228 4 212
i 244 5 212
i 20 6 212
i 84 7 212
p 212 207
i 228 4 212
i 244 5 212
i 84 7 212
p 212 207
i 20 6 212
i 228 4 212
i 244 5 212
i 84 7 212
i 20 6 212
p 212 207
i 228 4 212
i 244 5 212
u 89 7
u 35 6
p 212 207
i 228 4 212
i 244 5 212
p 212 207
i 244 5 212
i 228 4 212
p 212 207
u 238 4
p 212 207
u 246 5
p 212 207
finished 0
j 209
j 209
j 209
j 209
p 209 207
successor 207 212 224,224,224,224,238,246,35,89 164 165 166 167 168 169 170 171 172 173 174 175 176 177 178 179 180 181 182 183 184 185 186 187 188 189 190 191 192 193 194 195 196 197 198 199 200 201 202 203 204 205 206 207
p 209 207
i 213 2 209
i 217 3 209
i 225 4 209
i 241 5 209
i 17 6 209
i 81 7 209
p 209 207
i 213 2 209
i 225 4 209
i 217 3 209
p 209 207
i 213 2 209
i 81 7 209
i 225 4 209
i 17 6 209
i 241 5 209
i 213 2 209
p 209 207
i 217 3 209
i 81 7 209
i 17 6 209
i 225 4 209
i 241 5 209
i 213 2 209
i 217 3 209
p 209 207
u 89 7
u 35 6
i 225 4 209
i 241 5 209
u 224 2
i 217 3 209
p 209 207
u 226 4
i 241 5 209
u 224 3
i 241 5 209
p 209 207
u 246 5
p 209 207
p 209 207
finished 0
j 97
j 97
j 97
j 97
p 97 89
successor 89 123 135,135,135,135,145,163,196,0 52 53 54 55 56 57 58 59 60 61 62 63 64 65 66 67 68 69 70 71 72 73 74 75 76 77 78 79 80 81 82 83 84 85 86 87 88 89
p 97 89
i 129 5 97
i 161 6 97
i 225 7 97
p 97 89
i 129 5 97
i 225 7 97
i 161 6 97
i 129 5 97
i 225 7 97
p 97 89
i 161 6 97
i 129 5 97
i 225 7 97
p 97 89
i 161 6 97
u 135 5
p 97 89
i 225 7 97
u 163 6
u 226 7
p 97 89
p 97 89
p 97 89
p 97 89
p 97 89
p 97 89
finished 0
j 72
j 72
j 72
j 72
p 72 51
successor 51 76 89,89,89,89,97,123,145,207 1 2 3 4 5 6 7 8 9 10 11 12 13 14 15 16 17 18 19 20 21 22 23 24 25 26 27 28 29 30 31 32 33 34 35 36 37 38 39 40 41 42 43 44 45 46 47 48 49 50 51
p 72 51
i 80 3 72
i 88 4 72
i 104 5 72
i 136 6 72
i 200 7 72
p 72 51
i 80 3 72
i 88 4 72
i 104 5 72
i 136 6 72
p 72 51
i 200 7 72
i 80 3 72
i 88 4 72
i 104 5 72
p 72 51
i 136 6 72
u 89 3
i 200 7 72
u 89 4
p 72 51
i 104 5 72
u 145 6
i 200 7 72
p 72 51
i 200 7 72
u 123 5
p 72 51
u 207 7
p 72 51
p 72 51
p 72 51
p 72 51
p 72 51
p 72 51
p 72 51
p 72 51
finished 0
j 146
j 146
j 146
j 146
p 146 145
successor 145 163 166,166,184,184,184,196,238,35 136 137 138 139 140 141 142 143 144 145
p 146 145
i 178 5 146
i 210 6 146
i 18 7 146
p 146 145
i 210 6 146
i 178 5 146
p 146 145
i 18 7 146
i 210 6 146
i 178 5 146
i 210 6 146
i 18 7 146
p 146 145
i 178 5 146
p 146 145
i 210 6 146
u 35 7
i 178 5 146
p 146 145
u 212 6
u 184 5
p 146 145
p 146 145
p 146 145
p 146 145
finished 0
j 16
j 16
j 16
p 16 13
successor 13 35 40,40,40,44,51,72,123,163 1 2 3 4 5 6 7 8 9 10 11 12 13
p 16 13
i 48 5 16
i 80 6 16
i 144 7 16
i 48 5 16
p 16 13
i 80 6 16
i 144 7 16
i 48 5 16
p 16 13
i 80 6 16
i 144 7 16
i 48 5 16
p 16 13
i 80 6 16
u 51 5
u 145 7
p 16 13
u 89 6
p 16 13
p 16 13
p 16 13
p 16 13
p 16 13
p 16 13
p 16 13
p 16 13
p 16 13
p 16 13
finished 0
j 251
p 251 246
successor 246 0 13,13,13,13,16,35,72,135 239 240 241 242 243 244 245 246
p 251 246
i 3 3 251
i 11 4 251
i 27 5 251
i 59 6 251
i 123 7 251
p 251 246
i 3 3 251
i 27 5 251
i 11 4 251
i 59 6 251
i 123 7 251
p 251 246
u 13 3
i 27 5 251
u 13 4
i 123 7 251
i 59 6 251
p 251 246
u 35 5
i 123 7 251
p 251 246
i 59 6 251
u 72 6
p 251 246
i 123 7 251
u 123 7
p 251 246
p 251 246
p 251 246
p 251 246
p 251 246
p 251 246
p 251 246
p 251 246
p 251 246
finished 0
j 84
j 84
j 84
j 84
p 84 76
successor 76 89 97,97,97,97,123,123,163,224 52 53 54 55 56 57 58 59 60 61 62 63 64 65 66 67 68 69 70 71 72 73 74 75 76
p 84 76
i 92 3 84
i 100 4 84
i 116 5 84
i 148 6 84
i 212 7 84
p 84 76
i 92 3 84
p 84 76
i 100 4 84
i 116 5 84
i 148 6 84
i 212 7 84
i 92 3 84
p 84 76
i 116 5 84
i 148 6 84
i 92 3 84
i 100 4 84
i 212 7 84
p 84 76
i 148 6 84
i 116 5 84
u 97 3
i 100 4 84
i 212 7 84
p 84 76
i 148 6 84
i 116 5 84
i 100 4 84
p 84 76
i 212 7 84
u 163 6
u 123 5
u 123 4
u 212 7
p 84 76
p 84 76
p 84 76
p 84 76
p 84 76
p 84 76
p 84 76
p 84 76
p 84 76
finished 0
j 8
j 8
p 8 0
successor 0 13 16,16,35,35,35,51,84,145 0 1 2 3 4 5 6 7 8 9 10 11 12 13 14 15 16 17 18 19 20 21 22 23 24 25 26 27 28 29 30 31 32 33 34 35 36 37 38 39 40 41 42 43 44 45 46 47 48 49 50 51 52 53 54 55 56 57 58 59 60 61 62 63 64 65 66 67 68 69 70 71 72 73 74 75 76 77 78 79 80 81 82 83 84 85 86 87 88 89 90 91 92 93 94 95 96 97 98 99 100 101 102 103 104 105 106 107 108 109 110 111 112 113 114 115 116 117 118 119 120 121 122 123 124 125 126 127 128 129 130 131 132 133 134 135 136 137 138 139 140 141 142 143 144 145 146 147 148 149 150 151 152 153 154 155 156 157 158 159 160 161 162 163 164 165 166 167 168 169 170 171 172 173 174 175 176 177 178 179 180 181 182 183 184 185 186 187 188 189 190 191 192 193 194 195 196 197 198 199 200 201 202 203 204 205 206 207 208 209 210 211 212 213 214 215 216 217 218 219 220 221 222 223 224 225 226 227 228 229 230 231 232 233 234 235 236 237 238 239 240 241 242 243 244 245 246 247 248 249 250 251 252 253 254 255
p 8 0
i 16 3 8
i 24 4 8
i 40 5 8
i 72 6 8
i 136 7 8
p 8 0
i 16 3 8
i 24 4 8
i 40 5 8
i 136 7 8
i 72 6 8
p 8 0
i 24 4 8
i 16 3 8
i 40 5 8
i 136 7 8
i 72 6 8
p 8 0
u 35 4
i 16 3 8
u 40 5
u 145 7
i 72 6 8
p 8 0
u 16 3
u 72 6
p 8 0
p 8 0
p 8 0
p 8 0
p 8 0
p 8 0
p 8 0
p 8 0
p 8 0
p 8 0
p 8 0
finished 0
j 101
j 101
j 101
j 101
j 101
p 101 97
successor 97 123 135,135,135,135,145,163,196,251 90 91 92 93 94 95 96 97
p 101 97
i 133 5 101
i 165 6 101
i 229 7 101
p 101 97
i 133 5 101
i 165 6 101
i 229 7 101
i 133 5 101
i 229 7 101
p 101 97
i 165 6 101
i 229 7 101
i 133 5 101
i 165 6 101
p 101 97
i 229 7 101
u 135 5
i 229 7 101
p 101 97
u 166 6
u 238 7
p 101 97
p 101 97
p 101 97
p 101 97
p 101 97
p 101 97
p 101 97
p 101 97
p 101 97
p 101 97
p 101 97
finished 0
j 89
p 89 0
successor 0 0 89,0,0,0,0,0,0,0 0 1 2 3 4 5 6 7 8 9 10 11 12 13 14 15 16 17 18 19 20 21 22 23 24 25 26 27 28 29 30 31 32 33 34 35 36 37 38 39 40 41 42 43 44 45 46 47 48 49 50 51 52 53 54 55 56 57 58 59 60 61 62 63 64 65 66 67 68 69 70 71 72 73 74 75 76 77 78 79 80 81 82 83 84 85 86 87 88 89 90 91 92 93 94 95 96 97 98 99 100 101 102 103 104 105 106 107 108 109 110 111 112 113 114 115 116 117 118 119 120 121 122 123 124 125 126 127 128 129 130 131 132 133 134 135 136 137 138 139 140 141 142 143 144 145 146 147 148 149 150 151 152 153 154 155 156 157 158 159 160 161 162 163 164 165 166 167 168 169 170 171 172 173 174 175 176 177 178 179 180 181 182 183 184 185 186 187 188 189 190 191 192 193 194 195 196 197 198 199 200 201 202 203 204 205 206 207 208 209 210 211 212 213 214 215 216 217 218 219 220 221 222 223 224 225 226 227 228 229 230 231 232 233 234 235 236 237 238 239 240 241 242 243 244 245 246 247 248 249 250 251 252 253 254 255
finished 0
j 242
p 242 89
successor 89 0 89,89,89,89,89,89,89,0 1 2 3 4 5 6 7 8 9 10 11 12 13 14 15 16 17 18 19 20 21 22 23 24 25 26 27 28 29 30 31 32 33 34 35 36 37 38 39 40 41 42 43 44 45 46 47 48 49 50 51 52 53 54 55 56 57 58 59 60 61 62 63 64 65 66 67 68 69 70 71 72 73 74 75 76 77 78 79 80 81 82 83 84 85 86 87 88 89
p 242 89
i 2 4 242
i 18 5 242
i 50 6 242
i 114 7 242
p 242 89
i 2 4 242
i 50 6 242
i 18 5 242
finished 0
i 114 7 242
u 89 4
u 89 6
u 89 5
i 114 7 242
u 242 7
j 153
j 153
j 153
p 153 89
successor 89 242 0,0,0,0,89,89,89,242 1 2 3 4 5 6 7 8 9 10 11 12 13 14 15 16 17 18 19 20 21 22 23 24 25 26 27 28 29 30 31 32 33 34 35 36 37 38 39 40 41 42 43 44 45 46 47 48 49 50 51 52 53 54 55 56 57 58 59 60 61 62 63 64 65 66 67 68 69 70 71 72 73 74 75 76 77 78 79 80 81 82 83 84 85 86 87 88 89
p 153 89
i 25 7 153
p 153 89
i 25 7 153
finished 0
u 89 7
j 200
j 200
j 200
p 200 153
successor 153 242 0,0,0,0,89,89,89,153 90 91 92 93 94 95 96 97 98 99 100 101 102 103 104 105 106 107 108 109 110 111 112 113 114 115 116 117 118 119 120 121 122 123 124 125 126 127 128 129 130 131 132 133 134 135 136 137 138 139 140 141 142 143 144 145 146 147 148 149 150 151 152 153
p 200 153
i 8 6 200
i 72 7 200
finished 0
i 8 6 200
i 72 7 200
u 89 6
u 89 7
j 133
j 133
j 133
p 133 89
successor 89 153 200,200,200,200,200,200,242,89 1 2 3 4 5 6 7 8 9 10 11 12 13 14 15 16 17 18 19 20 21 22 23 24 25 26 27 28 29 30 31 32 33 34 35 36 37 38 39 40 41 42 43 44 45 46 47 48 49 50 51 52 53 54 55 56 57 58 59 60 61 62 63 64 65 66 67 68 69 70 71 72 73 74 75 76 77 78 79 80 81 82 83 84 85 86 87 88 89
p 133 89
i 165 5 133
i 197 6 133
i 5 7 133
p 133 89
i 165 5 133
i 197 6 133
i 5 7 133
finished 0
i 197 6 133
i 165 5 133
u 89 7
i 197 6 133
i 165 5 133
u 200 5
u 200 6
j 56
j 56
p 56 0
successor 0 89 133,133,133,133,133,133,153,242 0 1 2 3 4 5 6 7 8 9 10 11 12 13 14 15 16 17 18 19 20 21 22 23 24 25 26 27 28 29 30 31 32 33 34 35 36 37 38 39 40 41 42 43 44 45 46 47 48 49 50 51 52 53 54 55 56 57 58 59 60 61 62 63 64 65 66 67 68 69 70 71 72 73 74 75 76 77 78 79 80 81 82 83 84 85 86 87 88 89 90 91 92 93 94 95 96 97 98 99 100 101 102 103 104 105 106 107 108 109 110 111 112 113 114 115 116 117 118 119 120 121 122 123 124 125 126 127 128 129 130 131 132 133 134 135 136 137 138 139 140 141 142 143 144 145 146 147 148 149 150 151 152 153 154 155 156 157 158 159 160 161 162 163 164 165 166 167 168 169 170 171 172 173 174 175 176 177 178 179 180 181 182 183 184 185 186 187 188 189 190 191 192 193 194 195 196 197 198 199 200 201 202 203 204 205 206 207 208 209 210 211 212 213 214 215 216 217 218 219 220 221 222 223 224 225 226 227 228 229 230 231 232 233 234 235 236 237 238 239 240 241 242 243 244 245 246 247 248 249 250 251 252 253 254 255
p 56 0
i 120 6 56
i 184 7 56
p 56 0
i 120 6 56
p 56 0
i 184 7 56
i 120 6 56
p 56 0
i 184 7 56
u 133 6
i 184 7 56
finished 0
u 200 7
j 239
j 239
j 239
j 239
p 239 200
successor 200 242 0,0,0,0,56,56,56,133 154 155 156 157 158 159 160 161 162 163 164 165 166 167 168 169 170 171 172 173 174 175 176 177 178 179 180 181 182 183 184 185 186 187 188 189 190 191 192 193 194 195 196 197 198 199 200
p 239 200
i 243 2 239
i 247 3 239
i 255 4 239
i 15 5 239
i 47 6 239
i 111 7 239
p 239 200
u 0 2
u 0 3
i 15 5 239
i 47 6 239
u 0 4
p 239 200
i 111 7 239
u 56 5
finished 0
u 56 6
i 111 7 239
u 133 7
j 164
j 164
j 164
j 164
p 164 153
successor 153 200 239,239,239,239,239,239,56,89 90 91 92 93 94 95 96 97 98 99 100 101 102 103 104 105 106 107 108 109 110 111 112 113 114 115 116 117 118 119 120 121 122 123 124 125 126 127 128 129 130 131 132 133 134 135 136 137 138 139 140 141 142 143 144 145 146 147 148 149 150 151 152 153
p 164 153
i 228 6 164
i 36 7 164
p 164 153
i 228 6 164
i 36 7 164
p 164 153
i 228 6 164
u 56 7
finished 0
i 228 6 164
u 239 6
j 10
j 10
p 10 0
successor 0 56 89,89,89,89,89,89,133,200 0 1 2 3 4 5 6 7 8 9 10 11 12 13 14 15 16 17 18 19 20 21 22 23 24 25 26 27 28 29 30 31 32 33 34 35 36 37 38 39 40 41 42 43 44 45 46 47 48 49 50 51 52 53 54 55 56 57 58 59 60 61 62 63 64 65 66 67 68 69 70 71 72 73 74 75 76 77 78 79 80 81 82 83 84 85 86 87 88 89 90 91 92 93 94 95 96 97 98 99 100 101 102 103 104 105 106 107 108 109 110 111 112 113 114 115 116 117 118 119 120 121 122 123 124 125 126 127 128 129 130 131 132 133 134 135 136 137 138 139 140 141 142 143 144 145 146 147 148 149 150 151 152 153 154 155 156 157 158 159 160 161 162 163 164 165 166 167 168 169 170 171 172 173 174 175 176 177 178 179 180 181 182 183 184 185 186 187 188 189 190 191 192 193 194 195 196 197 198 199 200 201 202 203 204 205 206 207 208 209 210 211 212 213 214 215 216 217 218 219 220 221 222 223 224 225 226 227 228 229 230 231 232 233 234 235 236 237 238 239 240 241 242 243 244 245 246 247 248 249 250 251 252 253 254 255
p 10 0
i 74 6 10
i 138 7 10
p 10 0
i 74 6 10
p 10 0
i 138 7 10
i 74 6 10
p 10 0
i 138 7 10
u 89 6
p 10 0
u 153 7
p 10 0
finished 0
j 33
j 33
j 33
p 33 10
successor 10 56 89,89,89,89,89,89,133,200 1 2 3 4 5 6 7 8 9 10
p 33 10
i 65 5 33
i 97 6 33
i 161 7 33
p 33 10
i 65 5 33
i 161 7 33
p 33 10
i 97 6 33
i 65 5 33
p 33 10
i 97 6 33
i 65 5 33
i 161 7 33
p 33 10
u 133 6
u 89 5
i 161 7 33
p 33 10
u 164 7
finished 0
j 238
j 238
j 238
j 238
p 238 200
successor 200 239 242,242,0,0,0,33,56,133 154 155 156 157 158 159 160 161 162 163 164 165 166 167 168 169 170 171 172 173 174 175 176 177 178 179 180 181 182 183 184 185 186 187 188 189 190 191 192 193 194 195 196 197 198 199 200
p 238 200
i 240 1 238
i 242 2 238
i 246 3 238
i 254 4 238
i 14 5 238
i 46 6 238
i 110 7 238
p 238 200
i 240 1 238
i 242 2 238
u 0 4
p 238 200
u 0 3
i 110 7 238
i 240 1 238
i 46 6 238
i 14 5 238
i 242 2 238
p 238 200
i 110 7 238
i 240 1 238
i 14 5 238
i 46 6 238
i 242 2 238
finished 0
u 133 7
u 56 6
u 33 5
i 240 1 238
i 242 2 238
i 240 1 238
i 242 2 238
u 242 1
u 242 2
j 38
j 38
j 38
p 38 33
successor 33 56 89,89,89,89,89,89,133,200 11 12 13 14 15 16 17 18 19 20 21 22 23 24 25 26 27 28 29 30 31 32 33
p 38 33
i 70 5 38
i 102 6 38
i 166 7 38
p 38 33
i 70 5 38
i 166 7 38
i 102 6 38
p 38 33
i 70 5 38
i 166 7 38
i 102 6 38
p 38 33
i 70 5 38
i 166 7 38
u 133 6
u 89 5
p 38 33
i 166 7 38
p 38 33
u 200 7
p 38 33
finished 0
j 125
j 125
j 125
p 125 89
successor 89 133 153,153,153,153,153,200,200,10 1 2 3 4 5 6 7 8 9 10 11 12 13 14 15 16 17 18 19 20 21 22 23 24 25 26 27 28 29 30 31 32 33 34 35 36 37 38 39 40 41 42 43 44 45 46 47 48 49 50 51 52 53 54 55 56 57 58 59 60 61 62 63 64 65 66 67 68 69 70 71 72 73 74 75 76 77 78 79 80 81 82 83 84 85 86 87 88 89
p 125 89
i 141 4 125
i 157 5 125
i 189 6 125
i 253 7 125
p 125 89
i 157 5 125
i 141 4 125
p 125 89
u 0 7
i 189 6 125
i 157 5 125
i 141 4 125
p 125 89
i 157 5 125
i 189 6 125
p 125 89
u 153 4
i 189 6 125
u 164 5
p 125 89
i 189 6 125
p 125 89
u 200 6
p 125 89
finished 0
j 107
j 107
j 107
p 107 89
successor 89 125 133,133,133,133,153,164,200,0 1 2 3 4 5 6 7 8 9 10 11 12 13 14 15 16 17 18 19 20 21 22 23 24 25 26 27 28 29 30 31 32 33 34 35 36 37 38 39 40 41 42 43 44 45 46 47 48 49 50 51 52 53 54 55 56 57 58 59 60 61 62 63 64 65 66 67 68 69 70 71 72 73 74 75 76 77 78 79 80 81 82 83 84 85 86 87 88 89
p 107 89
i 139 5 107
i 171 6 107
i 235 7 107
i 139 5 107
p 107 89
i 171 6 107
i 235 7 107
i 139 5 107
p 107 89
i 171 6 107
i 235 7 107
u 153 5
p 107 89
i 235 7 107
i 171 6 107
p 107 89
i 171 6 107
u 238 7
p 107 89
u 200 6
p 107 89
p 107 89
finished 0
j 65
j 65
j 65
j 65
p 65 56
successor 56 89 107,107,107,107,107,125,153,238 1 2 3 4 5 6 7 8 9 10 11 12 13 14 15 16 17 18 19 20 21 22 23 24 25 26 27 28 29 30 31 32 33 34 35 36 37 38 39 40 41 42 43 44 45 46 47 48 49 50 51 52 53 54 55 56
p 65 56
i 97 5 65
i 129 6 65
i 193 7 65
i 193 7 65
p 65 56
i 97 5 65
i 129 6 65
i 193 7 65
p 65 56
i 97 5 65
i 193 7 65
i 129 6 65
p 65 56
u 107 5
i 193 7 65
p 65 56
i 129 6 65
p 65 56
u 133 6
u 200 7
p 65 56
p 65 56
finished 0
j 22
j 22
j 22
p 22 10
successor 10 33 38,38,38,56,56,65,107,164 1 2 3 4 5 6 7 8 9 10
p 22 10
i 38 4 22
i 54 5 22
i 86 6 22
i 150 7 22
i 38 4 22
p 22 10
i 86 6 22
i 150 7 22
i 54 5 22
i 38 4 22
p 22 10
i 54 5 22
i 150 7 22
i 86 6 22
u 38 4
p 22 10
u 89 6
u 153 7
i 54 5 22
p 22 10
u 56 5
p 22 10
p 22 10
finished 0
j 23
j 23
j 23
p 23 22
successor 22 33 38,38,38,56,56,65,107,164 11 12 13 14 15 16 17 18 19 20 21 22
p 23 22
i 39 4 23
i 55 5 23
i 87 6 23
i 151 7 23
p 23 22
i 39 4 23
i 87 6 23
i 55 5 23
i 151 7 23
p 23 22
i 39 4 23
i 87 6 23
i 55 5 23
i 151 7 23
p 23 22
i 39 4 23
i 55 5 23
u 89 6
u 153 7
p 23 22
u 56 4
u 56 5
p 23 22
p 23 22
p 23 22
finished 0
j 163
j 163
j 163
j 163
p 163 153
successor 153 164 200,200,200,200,200,200,238,38 90 91 92 93 94 95 96 97 98 99 100 101 102 103 104 105 106 107 108 109 110 111 112 113 114 115 116 117 118 119 120 121 122 123 124 125 126 127 128 129 130 131 132 133 134 135 136 137 138 139 140 141 142 143 144 145 146 147 148 149 150 151 152 153
p 163 153
i 165 1 163
i 167 2 163
i 171 3 163
i 179 4 163
i 195 5 163
i 227 6 163
i 35 7 163
p 163 153
i 165 1 163
i 167 2 163
i 171 3 163
i 195 5 163
p 163 153
i 165 1 163
i 179 4 163
i 227 6 163
i 35 7 163
i 171 3 163
i 167 2 163
i 165 1 163
p 163 153
i 195 5 163
i 179 4 163
i 227 6 163
i 35 7 163
i 171 3 163
i 167 2 163
i 165 1 163
i 179 4 163
p 163 153
i 195 5 163
i 171 3 163
i 227 6 163
u 38 7
i 165 1 163
i 167 2 163
p 163 153
i 179 4 163
i 195 5 163
i 171 3 163
u 238 6
i 167 2 163
u 200 1
i 179 4 163
p 163 153
i 195 5 163
u 200 3
u 200 2
p 163 153
u 200 4
u 200 5
finished 0
j 39
j 39
j 39
j 39
p 39 38
successor 38 56 65,65,65,65,89,89,125,200 34 35 36 37 38
p 39 38
i 71 5 39
i 103 6 39
i 167 7 39
p 39 38
i 71 5 39
i 103 6 39
i 167 7 39
p 39 38
i 71 5 39
i 167 7 39
p 39 38
i 103 6 39
u 89 5
i 167 7 39
i 103 6 39
p 39 38
i 167 7 39
u 107 6
p 39 38
i 167 7 39
p 39 38
u 200 7
p 39 38
p 39 38
finished 0
j 61
j 61
j 61
j 61
p 61 56
successor 56 65 89,89,89,89,89,107,133,200 1 2 3 4 5 6 7 8 9 10 11 12 13 14 15 16 17 18 19 20 21 22 23 24 25 26 27 28 29 30 31 32 33 34 35 36 37 38 39 40 41 42 43 44 45 46 47 48 49 50 51 52 53 54 55 56
p 61 56
i 69 3 61
i 77 4 61
i 93 5 61
i 125 6 61
i 189 7 61
p 61 56
i 69 3 61
i 77 4 61
i 93 5 61
i 125 6 61
i 189 7 61
i 69 3 61
p 61 56
i 93 5 61
i 189 7 61
i 77 4 61
i 125 6 61
p 61 56
u 89 3
i 93 5 61
u 89 4
i 189 7 61
p 61 56
i 125 6 61
u 107 5
i 189 7 61
p 61 56
u 125 6
i 189 7 61
p 61 56
u 200 7
p 61 56
p 61 56
p 61 56
p 61 56
finished 0
j 128
j 128
j 128
j 128
j 128
p 128 125
successor 125 133 153,153,153,153,153,200,200,10 90 91 92 93 94 95 96 97 98 99 100 101 102 103 104 105 106 107 108 109 110 111 112 113 114 115 116 117 118 119 120 121 122 123 124 125
p 128 125
i 136 3 128
i 144 4 128
i 160 5 128
i 192 6 128
i 0 7 128
p 128 125
i 136 3 128
i 160 5 128
i 192 6 128
i 144 4 128
p 128 125
u 0 7
i 136 3 128
i 192 6 128
i 160 5 128
i 144 4 128
p 128 125
u 153 3
i 192 6 128
i 160 5 128
p 128 125
u 153 4
i 192 6 128
p 128 125
u 163 5
i 192 6 128
p 128 125
u 200 6
p 128 125
p 128 125
p 128 125
p 128 125
p 128 125
finished 0
j 157
j 157
j 157
j 157
p 157 153
successor 153 163 164,200,200,200,200,200,238,38 90 91 92 93 94 95 96 97 98 99 100 101 102 103 104 105 106 107 108 109 110 111 112 113 114 115 116 117 118 119 120 121 122 123 124 125 126 127 128 129 130 131 132 133 134 135 136 137 138 139 140 141 142 143 144 145 146 147 148 149 150 151 152 153
p 157 153
i 165 3 157
i 173 4 157
i 189 5 157
i 221 6 157
i 29 7 157
p 157 153
i 173 4 157
i 189 5 157
i 165 3 157
p 157 153
i 221 6 157
i 29 7 157
i 173 4 157
i 189 5 157
i 165 3 157
p 157 153
i 221 6 157
i 29 7 157
i 173 4 157
i 189 5 157
i 165 3 157
i 221 6 157
i 29 7 157
p 157 153
i 173 4 157
i 189 5 157
i 165 3 157
u 33 7
u 238 6
u 200 4
p 157 153
u 200 5
u 200 3
p 157 153
p 157 153
p 157 153
p 157 153
p 157 153
finished 0
j 167
j 167
j 167
j 167
j 167
p 167 164
successor 164 200 238,238,238,238,238,238,10,89 154 155 156 157 158 159 160 161 162 163 164
p 167 164
i 231 6 167
i 39 7 167
i 231 6 167
p 167 164
i 39 7 167
i 231 6 167
p 167 164
i 39 7 167
i 231 6 167
p 167 164
i 39 7 167
u 238 6
p 167 164
u 39 7
p 167 164
p 167 164
p 167 164
p 167 164
p 167 164
p 167 164
p 167 164
p 167 164
finished 0
j 176
j 176
j 176
j 176
j 176
p 176 167
successor 167 200 238,238,238,238,238,238,10,89 165 166 167
p 176 167
i 208 5 176
i 240 6 176
i 48 7 176
i 48 7 176
p 176 167
i 208 5 176
i 240 6 176
p 176 167
i 48 7 176
i 208 5 176
i 240 6 176
i 208 5 176
p 176 167
i 48 7 176
i 240 6 176
i 48 7 176
u 238 5
p 176 167
i 240 6 176
u 56 7
p 176 167
i 240 6 176
p 176 167
u 242 6
p 176 167
p 176 167
p 176 167
p 176 167
p 176 167
finished 0
j 129
j 129
j 129
p 129 128
successor 128 133 153,153,153,153,153,167,200,10 126 127 128
i 137 3 129
p 129 128
i 145 4 129
i 161 5 129
i 193 6 129
i 1 7 129
i 137 3 129
p 129 128
i 161 5 129
i 145 4 129
i 1 7 129
i 193 6 129
i 137 3 129
p 129 128
i 161 5 129
u 10 7
i 145 4 129
i 193 6 129
p 129 128
i 137 3 129
i 145 4 129
i 193 6 129
i 161 5 129
p 129 128
i 193 6 129
u 153 3
i 161 5 129
u 153 4
u 163 5
p 129 128
u 200 6
p 129 128
p 129 128
p 129 128
p 129 128
p 129 128
p 129 128
finished 0
j 32
j 32
j 32
j 32
p 32 23
successor 23 33 38,38,38,56,56,65,107,163 23
p 32 23
i 34 1 32
i 36 2 32
i 40 3 32
i 48 4 32
i 64 5 32
i 96 6 32
i 160 7 32
p 32 23
i 34 1 32
i 40 3 32
i 36 2 32
i 48 4 32
i 160 7 32
p 32 23
i 96 6 32
i 64 5 32
i 34 1 32
i 36 2 32
i 40 3 32
p 32 23
i 160 7 32
i 96 6 32
i 48 4 32
u 38 1
i 64 5 32
u 38 2
i 48 4 32
i 96 6 32
i 160 7 32
p 32 23
i 64 5 32
i 40 3 32
i 48 4 32
i 64 5 32
i 160 7 32
p 32 23
u 107 6
i 40 3 32
u 56 4
p 32 23
u 65 5
u 163 7
u 56 3
p 32 23
p 32 23
p 32 23
p 32 23
p 32 23
p 32 23
finished 0
j 255
p 255 242
successor 242 0 10,10,10,10,22,32,65,128 90 91 92 93 94 95 96 97 98 99 100 101 102 103 104 105 106 107 108 109 110 111 112 113 114 115 116 117 118 119 120 121 122 123 124 125 126 127 128 129 130 131 132 133 134 135 136 137 138 139 140 141 142 143 144 145 146 147 148 149 150 151 152 153 154 155 156 157 158 159 160 161 162 163 164 165 166 167 168 169 170 171 172 173 174 175 176 177 178 179 180 181 182 183 184 185 186 187 188 189 190 191 192 193 194 195 196 197 198 199 200 201 202 203 204 205 206 207 208 209 210 211 212 213 214 215 216 217 218 219 220 221 222 223 224 225 226 227 228 229 230 231 232 233 234 235 236 237 238 239 240 241 242
p 255 242
i 1 1 255
i 3 2 255
i 7 3 255
i 15 4 255
i 31 5 255
i 63 6 255
i 127 7 255
p 255 242
i 1 1 255
i 3 2 255
i 127 7 255
i 7 3 255
i 63 6 255
p 255 242
i 15 4 255
i 31 5 255
u 10 1
u 10 2
i 127 7 255
u 10 3
p 255 242
i 63 6 255
i 15 4 255
i 31 5 255
i 127 7 255
i 63 6 255
i 31 5 255
p 255 242
u 22 4
i 127 7 255
p 255 242
u 32 5
i 63 6 255
u 128 7
u 65 6
p 255 242
p 255 242
p 255 242
p 255 242
p 255 242
p 255 242
p 255 242
finished 0
j 6
j 6
p 6 0
successor 0 10 22,22,22,22,32,56,89,153 0 1 2 3 4 5 6 7 8 9 10 11 12 13 14 15 16 17 18 19 20 21 22 23 24 25 26 27 28 29 30 31 32 33 34 35 36 37 38 39 40 41 42 43 44 45 46 47 48 49 50 51 52 53 54 55 56 57 58 59 60 61 62 63 64 65 66 67 68 69 70 71 72 73 74 75 76 77 78 79 80 81 82 83 84 85 86 87 88 89 90 91 92 93 94 95 96 97 98 99 100 101 102 103 104 105 106 107 108 109 110 111 112 113 114 115 116 117 118 119 120 121 122 123 124 125 126 127 128 129 130 131 132 133 134 135 136 137 138 139 140 141 142 143 144 145 146 147 148 149 150 151 152 153 154 155 156 157 158 159 160 161 162 163 164 165 166 167 168 169 170 171 172 173 174 175 176 177 178 179 180 181 182 183 184 185 186 187 188 189 190 191 192 193 194 195 196 197 198 199 200 201 202 203 204 205 206 207 208 209 210 211 212 213 214 215 216 217 218 219 220 221 222 223 224 225 226 227 228 229 230 231 232 233 234 235 236 237 238 239 240 241 242 243 244 245 246 247 248 249 250 251 252 253 254 255
p 6 0
i 14 3 6
i 22 4 6
i 38 5 6
i 70 6 6
i 134 7 6
p 6 0
i 14 3 6
i 38 5 6
i 70 6 6
i 22 4 6
i 134 7 6
i 14 3 6
p 6 0
i 38 5 6
i 70 6 6
i 134 7 6
i 22 4 6
u 22 3
p 6 0
i 38 5 6
u 89 6
i 134 7 6
u 22 4
p 6 0
u 38 5
u 153 7
p 6 0
p 6 0
p 6 0
p 6 0
p 6 0
p 6 0
p 6 0
p 6 0
finished 0
j 229
j 229
j 229
j 229
p 229 200
successor 200 238 239,242,242,255,255,22,56,125 154 155 156 157 158 159 160 161 162 163 164 165 166 167 168 169 170 171 172 173 174 175 176 177 178 179 180 181 182 183 184 185 186 187 188 189 190 191 192 193 194 195 196 197 198 199 200
p 229 200
i 245 4 229
i 5 5 229
i 37 6 229
i 101 7 229
p 229 200
i 245 4 229
i 101 7 229
i 37 6 229
i 5 5 229
p 229 200
i 245 4 229
i 37 6 229
p 229 200
u 6 5
i 101 7 229
i 245 4 229
i 101 7 229
i 245 4 229
p 229 200
i 37 6 229
i 245 4 229
u 107 7
u 38 6
p 229 200
p 229 200
u 255 4
p 229 200
p 229 200
p 229 200
p 229 200
p 229 200
finished 0
j 54
j 54
j 54
j 54
j 54
p 54 39
successor 39 56 61,61,61,65,89,89,125,200 39
p 54 39
i 58 2 54
i 62 3 54
i 70 4 54
i 86 5 54
i 118 6 54
i 182 7 54
i 58 2 54
p 54 39
i 70 4 54
i 62 3 54
i 182 7 54
i 118 6 54
i 86 5 54
i 58 2 54
p 54 39
i 62 3 54
i 70 4 54
i 182 7 54
i 86 5 54
i 118 6 54
i 58 2 54
p 54 39
i 62 3 54
u 89 5
i 182 7 54
u 89 4
p 54 39
u 61 2
i 118 6 54
i 62 3 54
i 182 7 54
p 54 39
u 65 3
u 125 6
u 200 7
p 54 39
p 54 39
p 54 39
p 54 39
p 54 39
p 54 39
p 54 39
p 54 39
p 54 39
finished 0
