j 250
p 250 0
successor 0 0 250,0,0,0,0,0,0,0 0 1 2 3 4 5 6 7 8 9 10 11 12 13 14 15 16 17 18 19 20 21 22 23 24 25 26 27 28 29 30 31 32 33 34 35 36 37 38 39 40 41 42 43 44 45 46 47 48 49 50 51 52 53 54 55 56 57 58 59 60 61 62 63 64 65 66 67 68 69 70 71 72 73 74 75 76 77 78 79 80 81 82 83 84 85 86 87 88 89 90 91 92 93 94 95 96 97 98 99 100 101 102 103 104 105 106 107 108 109 110 111 112 113 114 115 116 117 118 119 120 121 122 123 124 125 126 127 128 129 130 131 132 133 134 135 136 137 138 139 140 141 142 143 144 145 146 147 148 149 150 151 152 153 154 155 156 157 158 159 160 161 162 163 164 165 166 167 168 169 170 171 172 173 174 175 176 177 178 179 180 181 182 183 184 185 186 187 188 189 190 191 192 193 194 195 196 197 198 199 200 201 202 203 204 205 206 207 208 209 210 211 212 213 214 215 216 217 218 219 220 221 222 223 224 225 226 227 228 229 230 231 232 233 234 235 236 237 238 239 240 241 242 243 244 245 246 247 248 249 250 251 252 253 254 255
p 250 0
i 2 3 250
i 10 4 250
i 26 5 250
i 2 3 250
i 58 6 250
i 10 4 250
i 122 7 250
i 26 5 250
i 58 6 250
finished 0
i 122 7 250
u 250 3
u 250 4
u 250 5
u 250 6
u 250 7
j 149
j 149
p 149 0
p 149 0
successor 0 250 0,0,0,250,250,250,250,250 0 1 2 3 4 5 6 7 8 9 10 11 12 13 14 15 16 17 18 19 20 21 22 23 24 25 26 27 28 29 30 31 32 33 34 35 36 37 38 39 40 41 42 43 44 45 46 47 48 49 50 51 52 53 54 55 56 57 58 59 60 61 62 63 64 65 66 67 68 69 70 71 72 73 74 75 76 77 78 79 80 81 82 83 84 85 86 87 88 89 90 91 92 93 94 95 96 97 98 99 100 101 102 103 104 105 106 107 108 109 110 111 112 113 114 115 116 117 118 119 120 121 122 123 124 125 126 127 128 129 130 131 132 133 134 135 136 137 138 139 140 141 142 143 144 145 146 147 148 149 150 151 152 153 154 155 156 157 158 159 160 161 162 163 164 165 166 167 168 169 170 171 172 173 174 175 176 177 178 179 180 181 182 183 184 185 186 187 188 189 190 191 192 193 194 195 196 197 198 199 200 201 202 203 204 205 206 207 208 209 210 211 212 213 214 215 216 217 218 219 220 221 222 223 224 225 226 227 228 229 230 231 232 233 234 235 236 237 238 239 240 241 242 243 244 245 246 247 248 249 250 251 252 253 254 255
p 149 0
i 21 7 149
i 21 7 149
finished 0
u 149 7
j 142
j 142
p 142 0
p 142 0
successor 0 149 250,250,250,250,250,250,250,149 0 1 2 3 4 5 6 7 8 9 10 11 12 13 14 15 16 17 18 19 20 21 22 23 24 25 26 27 28 29 30 31 32 33 34 35 36 37 38 39 40 41 42 43 44 45 46 47 48 49 50 51 52 53 54 55 56 57 58 59 60 61 62 63 64 65 66 67 68 69 70 71 72 73 74 75 76 77 78 79 80 81 82 83 84 85 86 87 88 89 90 91 92 93 94 95 96 97 98 99 100 101 102 103 104 105 106 107 108 109 110 111 112 113 114 115 116 117 118 119 120 121 122 123 124 125 126 127 128 129 130 131 132 133 134 135 136 137 138 139 140 141 142 143 144 145 146 147 148 149 150 151 152 153 154 155 156 157 158 159 160 161 162 163 164 165 166 167 168 169 170 171 172 173 174 175 176 177 178 179 180 181 182 183 184 185 186 187 188 189 190 191 192 193 194 195 196 197 198 199 200 201 202 203 204 205 206 207 208 209 210 211 212 213 214 215 216 217 218 219 220 221 222 223 224 225 226 227 228 229 230 231 232 233 234 235 236 237 238 239 240 241 242 243 244 245 246 247 248 249 250 251 252 253 254 255
p 142 0
i 150 3 142
i 158 4 142
p 142 0
i 174 5 142
i 150 3 142
i 206 6 142
i 158 4 142
i 14 7 142
i 174 5 142
i 206 6 142
finished 0
i 14 7 142
i 150 3 142
i 158 4 142
i 150 3 142
i 174 5 142
i 158 4 142
i 206 6 142
u 250 3
i 174 5 142
u 142 7
u 250 4
i 206 6 142
u 250 5
u 250 6
j 95
j 95
p 95 0
p 95 0
successor 0 142 149,149,149,250,250,250,250,142 0 1 2 3 4 5 6 7 8 9 10 11 12 13 14 15 16 17 18 19 20 21 22 23 24 25 26 27 28 29 30 31 32 33 34 35 36 37 38 39 40 41 42 43 44 45 46 47 48 49 50 51 52 53 54 55 56 57 58 59 60 61 62 63 64 65 66 67 68 69 70 71 72 73 74 75 76 77 78 79 80 81 82 83 84 85 86 87 88 89 90 91 92 93 94 95 96 97 98 99 100 101 102 103 104 105 106 107 108 109 110 111 112 113 114 115 116 117 118 119 120 121 122 123 124 125 126 127 128 129 130 131 132 133 134 135 136 137 138 139 140 141 142 143 144 145 146 147 148 149 150 151 152 153 154 155 156 157 158 159 160 161 162 163 164 165 166 167 168 169 170 171 172 173 174 175 176 177 178 179 180 181 182 183 184 185 186 187 188 189 190 191 192 193 194 195 196 197 198 199 200 201 202 203 204 205 206 207 208 209 210 211 212 213 214 215 216 217 218 219 220 221 222 223 224 225 226 227 228 229 230 231 232 233 234 235 236 237 238 239 240 241 242 243 244 245 246 247 248 249 250 251 252 253 254 255
p 95 0
i 159 6 95
p 95 0
i 223 7 95
i 159 6 95
finished 0
i 223 7 95
i 159 6 95
i 223 7 95
i 159 6 95
i 223 7 95
u 250 6
u 250 7
j 183
j 183
j 183
j 183
p 183 149
successor 149 250 0,0,0,95,95,95,95,142 1 2 3 4 5 6 7 8 9 10 11 12 13 14 15 16 17 18 19 20 21 22 23 24 25 26 27 28 29 30 31 32 33 34 35 36 37 38 39 40 41 42 43 44 45 46 47 48 49 50 51 52 53 54 55 56 57 58 59 60 61 62 63 64 65 66 67 68 69 70 71 72 73 74 75 76 77 78 79 80 81 82 83 84 85 86 87 88 89 90 91 92 93 94 95 96 97 98 99 100 101 102 103 104 105 106 107 108 109 110 111 112 113 114 115 116 117 118 119 120 121 122 123 124 125 126 127 128 129 130 131 132 133 134 135 136 137 138 139 140 141 142 143 144 145 146 147 148 149
p 183 149
i 55 7 183
p 183 149
i 55 7 183
finished 0
u 95 7
j 52
j 52
p 52 0
p 52 0
successor 0 95 142,142,142,142,142,142,183,250 0 1 2 3 4 5 6 7 8 9 10 11 12 13 14 15 16 17 18 19 20 21 22 23 24 25 26 27 28 29 30 31 32 33 34 35 36 37 38 39 40 41 42 43 44 45 46 47 48 49 50 51 52 53 54 55 56 57 58 59 60 61 62 63 64 65 66 67 68 69 70 71 72 73 74 75 76 77 78 79 80 81 82 83 84 85 86 87 88 89 90 91 92 93 94 95 96 97 98 99 100 101 102 103 104 105 106 107 108 109 110 111 112 113 114 115 116 117 118 119 120 121 122 123 124 125 126 127 128 129 130 131 132 133 134 135 136 137 138 139 140 141 142 143 144 145 146 147 148 149 150 151 152 153 154 155 156 157 158 159 160 161 162 163 164 165 166 167 168 169 170 171 172 173 174 175 176 177 178 179 180 181 182 183 184 185 186 187 188 189 190 191 192 193 194 195 196 197 198 199 200 201 202 203 204 205 206 207 208 209 210 211 212 213 214 215 216 217 218 219 220 221 222 223 224 225 226 227 228 229 230 231 232 233 234 235 236 237 238 239 240 241 242 243 244 245 246 247 248 249 250 251 252 253 254 255
p 52 0
i 116 6 52
i 180 7 52
p 52 0
i 116 6 52
i 180 7 52
p 52 0
i 116 6 52
i 180 7 52
finished 0
i 180 7 52
u 142 6
u 183 7
j 28
j 28
p 28 0
p 28 0
successor 0 52 95,95,95,95,95,95,142,183 0 1 2 3 4 5 6 7 8 9 10 11 12 13 14 15 16 17 18 19 20 21 22 23 24 25 26 27 28 29 30 31 32 33 34 35 36 37 38 39 40 41 42 43 44 45 46 47 48 49 50 51 52 53 54 55 56 57 58 59 60 61 62 63 64 65 66 67 68 69 70 71 72 73 74 75 76 77 78 79 80 81 82 83 84 85 86 87 88 89 90 91 92 93 94 95 96 97 98 99 100 101 102 103 104 105 106 107 108 109 110 111 112 113 114 115 116 117 118 119 120 121 122 123 124 125 126 127 128 129 130 131 132 133 134 135 136 137 138 139 140 141 142 143 144 145 146 147 148 149 150 151 152 153 154 155 156 157 158 159 160 161 162 163 164 165 166 167 168 169 170 171 172 173 174 175 176 177 178 179 180 181 182 183 184 185 186 187 188 189 190 191 192 193 194 195 196 197 198 199 200 201 202 203 204 205 206 207 208 209 210 211 212 213 214 215 216 217 218 219 220 221 222 223 224 225 226 227 228 229 230 231 232 233 234 235 236 237 238 239 240 241 242 243 244 245 246 247 248 249 250 251 252 253 254 255
p 28 0
i 60 5 28
i 92 6 28
p 28 0
i 156 7 28
i 60 5 28
p 28 0
i 92 6 28
i 60 5 28
i 156 7 28
finished 0
i 92 6 28
u 95 5
i 156 7 28
u 95 6
i 156 7 28
u 183 7
j 239
j 239
j 239
j 239
p 239 183
successor 183 250 0,0,0,28,28,28,95,142 150 151 152 153 154 155 156 157 158 159 160 161 162 163 164 165 166 167 168 169 170 171 172 173 174 175 176 177 178 179 180 181 182 183
p 239 183
i 255 4 239
p 239 183
i 15 5 239
u 0 4
i 47 6 239
p 239 183
i 111 7 239
i 15 5 239
finished 0
i 47 6 239
u 28 5
i 111 7 239
i 47 6 239
i 111 7 239
u 52 6
u 142 7
j 65
j 65
j 65
p 65 52
successor 52 95 142,142,142,142,142,142,183,239 1 2 3 4 5 6 7 8 9 10 11 12 13 14 15 16 17 18 19 20 21 22 23 24 25 26 27 28 29 30 31 32 33 34 35 36 37 38 39 40 41 42 43 44 45 46 47 48 49 50 51 52
p 65 52
i 97 5 65
i 129 6 65
p 65 52
i 97 5 65
i 193 7 65
i 129 6 65
i 97 5 65
p 65 52
i 129 6 65
i 193 7 65
u 142 5
p 65 52
u 142 6
p 65 52
i 193 7 65
finished 0
i 193 7 65
u 239 7
j 47
j 47
j 47
p 47 28
successor 28 52 65,65,65,65,95,95,142,183 1 2 3 4 5 6 7 8 9 10 11 12 13 14 15 16 17 18 19 20 21 22 23 24 25 26 27 28
p 47 28
i 55 3 47
i 63 4 47
p 47 28
i 79 5 47
i 55 3 47
p 47 28
i 111 6 47
i 63 4 47
i 175 7 47
i 79 5 47
p 47 28
i 55 3 47
i 111 6 47
i 63 4 47
i 79 5 47
finished 0
i 175 7 47
i 55 3 47
i 111 6 47
u 95 5
i 63 4 47
u 65 3
i 175 7 47
i 111 6 47
u 65 4
i 175 7 47
u 142 6
u 183 7
j 53
j 53
j 53
j 53
p 53 52
successor 52 65 95,95,95,95,95,142,142,239 1 2 3 4 5 6 7 8 9 10 11 12 13 14 15 16 17 18 19 20 21 22 23 24 25 26 27 28 29 30 31 32 33 34 35 36 37 38 39 40 41 42 43 44 45 46 47 48 49 50 51 52
p 53 52
i 69 4 53
i 85 5 53
p 53 52
i 117 6 53
i 69 4 53
i 181 7 53
p 53 52
i 69 4 53
i 85 5 53
i 117 6 53
u 95 4
i 85 5 53
i 181 7 53
i 117 6 53
p 53 52
u 95 5
i 181 7 53
i 117 6 53
p 53 52
i 181 7 53
u 142 6
p 53 52
u 183 7
finished 0
j 222
j 222
j 222
j 222
p 222 183
successor 183 239 250,250,250,250,0,28,47,142 150 151 152 153 154 155 156 157 158 159 160 161 162 163 164 165 166 167 168 169 170 171 172 173 174 175 176 177 178 179 180 181 182 183
p 222 183
i 254 5 222
p 222 183
i 30 6 222
i 94 7 222
u 0 5
p 222 183
i 30 6 222
p 222 183
i 94 7 222
i 30 6 222
finished 0
u 47 6
i 94 7 222
u 95 7
j 169
j 169
j 169
j 169
p 169 149
successor 149 183 222,222,222,222,222,222,250,65 1 2 3 4 5 6 7 8 9 10 11 12 13 14 15 16 17 18 19 20 21 22 23 24 25 26 27 28 29 30 31 32 33 34 35 36 37 38 39 40 41 42 43 44 45 46 47 48 49 50 51 52 53 54 55 56 57 58 59 60 61 62 63 64 65 66 67 68 69 70 71 72 73 74 75 76 77 78 79 80 81 82 83 84 85 86 87 88 89 90 91 92 93 94 95 96 97 98 99 100 101 102 103 104 105 106 107 108 109 110 111 112 113 114 115 116 117 118 119 120 121 122 123 124 125 126 127 128 129 130 131 132 133 134 135 136 137 138 139 140 141 142 143 144 145 146 147 148 149
p 169 149
p 169 149
i 185 4 169
i 201 5 169
p 169 149
i 185 4 169
i 233 6 169
i 41 7 169
i 201 5 169
p 169 149
i 185 4 169
i 233 6 169
i 41 7 169
p 169 149
i 185 4 169
i 201 5 169
i 41 7 169
i 233 6 169
p 169 149
i 201 5 169
u 222 4
u 47 7
i 233 6 169
p 169 149
u 222 5
u 239 6
finished 0
j 170
j 170
j 170
j 170
p 170 169
successor 169 183 222,222,222,222,222,222,250,65 150 151 152 153 154 155 156 157 158 159 160 161 162 163 164 165 166 167 168 169
p 170 169
i 186 4 170
p 170 169
i 202 5 170
i 234 6 170
i 186 4 170
p 170 169
i 42 7 170
i 202 5 170
i 186 4 170
i 234 6 170
p 170 169
i 42 7 170
i 202 5 170
i 186 4 170
p 170 169
i 234 6 170
i 42 7 170
i 202 5 170
u 222 4
p 170 169
u 47 7
i 234 6 170
u 222 5
p 170 169
u 239 6
finished 0
j 148
j 148
j 148
p 148 142
successor 142 149 169,169,169,169,169,183,222,28 1 2 3 4 5 6 7 8 9 10 11 12 13 14 15 16 17 18 19 20 21 22 23 24 25 26 27 28 29 30 31 32 33 34 35 36 37 38 39 40 41 42 43 44 45 46 47 48 49 50 51 52 53 54 55 56 57 58 59 60 61 62 63 64 65 66 67 68 69 70 71 72 73 74 75 76 77 78 79 80 81 82 83 84 85 86 87 88 89 90 91 92 93 94 95 96 97 98 99 100 101 102 103 104 105 106 107 108 109 110 111 112 113 114 115 116 117 118 119 120 121 122 123 124 125 126 127 128 129 130 131 132 133 134 135 136 137 138 139 140 141 142
p 148 142
i 150 1 148
p 148 142
i 152 2 148
i 156 3 148
i 150 1 148
p 148 142
i 164 4 148
i 152 2 148
i 180 5 148
i 150 1 148
i 212 6 148
i 156 3 148
p 148 142
i 20 7 148
i 152 2 148
i 164 4 148
i 150 1 148
i 180 5 148
i 156 3 148
p 148 142
i 212 6 148
i 152 2 148
i 164 4 148
i 20 7 148
i 150 1 148
i 156 3 148
i 180 5 148
p 148 142
i 152 2 148
i 212 6 148
u 28 7
u 169 1
i 164 4 148
i 156 3 148
i 180 5 148
finished 0
u 169 2
i 212 6 148
i 164 4 148
u 169 3
i 180 5 148
u 222 6
u 169 4
u 183 5
j 125
j 125
j 125
j 125
p 125 95
successor 95 142 148,148,148,169,169,183,222,28 1 2 3 4 5 6 7 8 9 10 11 12 13 14 15 16 17 18 19 20 21 22 23 24 25 26 27 28 29 30 31 32 33 34 35 36 37 38 39 40 41 42 43 44 45 46 47 48 49 50 51 52 53 54 55 56 57 58 59 60 61 62 63 64 65 66 67 68 69 70 71 72 73 74 75 76 77 78 79 80 81 82 83 84 85 86 87 88 89 90 91 92 93 94 95
p 125 95
i 157 5 125
p 125 95
i 189 6 125
i 253 7 125
i 157 5 125
p 125 95
i 189 6 125
i 157 5 125
p 125 95
u 0 7
i 189 6 125
i 157 5 125
p 125 95
i 189 6 125
i 157 5 125
p 125 95
u 222 6
u 169 5
p 125 95
p 125 95
finished 0
j 159
j 159
j 159
j 159
j 159
p 159 149
successor 149 169 170,183,183,183,222,222,239,47 1 2 3 4 5 6 7 8 9 10 11 12 13 14 15 16 17 18 19 20 21 22 23 24 25 26 27 28 29 30 31 32 33 34 35 36 37 38 39 40 41 42 43 44 45 46 47 48 49 50 51 52 53 54 55 56 57 58 59 60 61 62 63 64 65 66 67 68 69 70 71 72 73 74 75 76 77 78 79 80 81 82 83 84 85 86 87 88 89 90 91 92 93 94 95 96 97 98 99 100 101 102 103 104 105 106 107 108 109 110 111 112 113 114 115 116 117 118 119 120 121 122 123 124 125 126 127 128 129 130 131 132 133 134 135 136 137 138 139 140 141 142 143 144 145 146 147 148 149
p 159 149
i 175 4 159
p 159 149
i 191 5 159
i 223 6 159
i 175 4 159
p 159 149
i 31 7 159
i 191 5 159
i 175 4 159
i 223 6 159
p 159 149
i 191 5 159
i 31 7 159
i 175 4 159
p 159 149
i 223 6 159
i 191 5 159
i 31 7 159
i 175 4 159
p 159 149
i 223 6 159
u 47 7
u 222 5
i 175 4 159
p 159 149
u 239 6
u 183 4
p 159 149
p 159 149
finished 0
j 3
j 3
p 3 0
successor 0 28 47,47,47,47,47,65,95,159 0 1 2 3 4 5 6 7 8 9 10 11 12 13 14 15 16 17 18 19 20 21 22 23 24 25 26 27 28 29 30 31 32 33 34 35 36 37 38 39 40 41 42 43 44 45 46 47 48 49 50 51 52 53 54 55 56 57 58 59 60 61 62 63 64 65 66 67 68 69 70 71 72 73 74 75 76 77 78 79 80 81 82 83 84 85 86 87 88 89 90 91 92 93 94 95 96 97 98 99 100 101 102 103 104 105 106 107 108 109 110 111 112 113 114 115 116 117 118 119 120 121 122 123 124 125 126 127 128 129 130 131 132 133 134 135 136 137 138 139 140 141 142 143 144 145 146 147 148 149 150 151 152 153 154 155 156 157 158 159 160 161 162 163 164 165 166 167 168 169 170 171 172 173 174 175 176 177 178 179 180 181 182 183 184 185 186 187 188 189 190 191 192 193 194 195 196 197 198 199 200 201 202 203 204 205 206 207 208 209 210 211 212 213 214 215 216 217 218 219 220 221 222 223 224 225 226 227 228 229 230 231 232 233 234 235 236 237 238 239 240 241 242 243 244 245 246 247 248 249 250 251 252 253 254 255
p 3 0
i 35 5 3
p 3 0
i 67 6 3
i 131 7 3
i 35 5 3
p 3 0
i 67 6 3
i 35 5 3
p 3 0
i 131 7 3
i 67 6 3
u 47 5
p 3 0
u 95 6
i 131 7 3
p 3 0
i 131 7 3
p 3 0
u 142 7
p 3 0
p 3 0
p 3 0
finished 0
j 103
j 103
j 103
j 103
p 103 95
successor 95 125 142,142,142,142,142,159,222,0 1 2 3 4 5 6 7 8 9 10 11 12 13 14 15 16 17 18 19 20 21 22 23 24 25 26 27 28 29 30 31 32 33 34 35 36 37 38 39 40 41 42 43 44 45 46 47 48 49 50 51 52 53 54 55 56 57 58 59 60 61 62 63 64 65 66 67 68 69 70 71 72 73 74 75 76 77 78 79 80 81 82 83 84 85 86 87 88 89 90 91 92 93 94 95
p 103 95
i 135 5 103
p 103 95
i 167 6 103
i 231 7 103
i 135 5 103
p 103 95
i 167 6 103
i 231 7 103
i 135 5 103
p 103 95
i 167 6 103
i 231 7 103
i 135 5 103
p 103 95
i 167 6 103
i 231 7 103
i 135 5 103
p 103 95
u 169 6
u 239 7
u 142 5
p 103 95
p 103 95
p 103 95
finished 0
j 83
j 83
j 83
p 83 65
successor 65 95 103,103,103,103,125,142,159,239 53 54 55 56 57 58 59 60 61 62 63 64 65
p 83 65
i 99 4 83
p 83 65
i 115 5 83
i 99 4 83
i 147 6 83
p 83 65
i 115 5 83
i 211 7 83
i 99 4 83
i 147 6 83
p 83 65
i 115 5 83
i 211 7 83
i 99 4 83
i 147 6 83
p 83 65
i 115 5 83
i 99 4 83
i 211 7 83
u 148 6
p 83 65
u 125 5
u 103 4
p 83 65
i 211 7 83
p 83 65
u 222 7
p 83 65
finished 0
j 166
p 166 0
successor 0 0 166,0,0,0,0,0,0,0 0 1 2 3 4 5 6 7 8 9 10 11 12 13 14 15 16 17 18 19 20 21 22 23 24 25 26 27 28 29 30 31 32 33 34 35 36 37 38 39 40 41 42 43 44 45 46 47 48 49 50 51 52 53 54 55 56 57 58 59 60 61 62 63 64 65 66 67 68 69 70 71 72 73 74 75 76 77 78 79 80 81 82 83 84 85 86 87 88 89 90 91 92 93 94 95 96 97 98 99 100 101 102 103 104 105 106 107 108 109 110 111 112 113 114 115 116 117 118 119 120 121 122 123 124 125 126 127 128 129 130 131 132 133 134 135 136 137 138 139 140 141 142 143 144 145 146 147 148 149 150 151 152 153 154 155 156 157 158 159 160 161 162 163 164 165 166 167 168 169 170 171 172 173 174 175 176 177 178 179 180 181 182 183 184 185 186 187 188 189 190 191 192 193 194 195 196 197 198 199 200 201 202 203 204 205 206 207 208 209 210 211 212 213 214 215 216 217 218 219 220 221 222 223 224 225 226 227 228 229 230 231 232 233 234 235 236 237 238 239 240 241 242 243 244 245 246 247 248 249 250 251 252 253 254 255
p 166 0
i 38 7 166
i 38 7 166
finished 0
u 166 7
j 246
p 246 166
successor 166 0 166,166,166,166,166,166,166,166 1 2 3 4 5 6 7 8 9 10 11 12 13 14 15 16 17 18 19 20 21 22 23 24 25 26 27 28 29 30 31 32 33 34 35 36 37 38 39 40 41 42 43 44 45 46 47 48 49 50 51 52 53 54 55 56 57 58 59 60 61 62 63 64 65 66 67 68 69 70 71 72 73 74 75 76 77 78 79 80 81 82 83 84 85 86 87 88 89 90 91 92 93 94 95 96 97 98 99 100 101 102 103 104 105 106 107 108 109 110 111 112 113 114 115 116 117 118 119 120 121 122 123 124 125 126 127 128 129 130 131 132 133 134 135 136 137 138 139 140 141 142 143 144 145 146 147 148 149 150 151 152 153 154 155 156 157 158 159 160 161 162 163 164 165 166
finished 0
i 6 4 246
i 22 5 246
i 54 6 246
i 6 4 246
i 118 7 246
i 22 5 246
u 166 4
i 54 6 246
u 166 5
i 118 7 246
u 166 6
u 166 7
j 39
j 39
p 39 0
successor 0 166 246,246,246,246,246,246,246,166 0 1 2 3 4 5 6 7 8 9 10 11 12 13 14 15 16 17 18 19 20 21 22 23 24 25 26 27 28 29 30 31 32 33 34 35 36 37 38 39 40 41 42 43 44 45 46 47 48 49 50 51 52 53 54 55 56 57 58 59 60 61 62 63 64 65 66 67 68 69 70 71 72 73 74 75 76 77 78 79 80 81 82 83 84 85 86 87 88 89 90 91 92 93 94 95 96 97 98 99 100 101 102 103 104 105 106 107 108 109 110 111 112 113 114 115 116 117 118 119 120 121 122 123 124 125 126 127 128 129 130 131 132 133 134 135 136 137 138 139 140 141 142 143 144 145 146 147 148 149 150 151 152 153 154 155 156 157 158 159 160 161 162 163 164 165 166 167 168 169 170 171 172 173 174 175 176 177 178 179 180 181 182 183 184 185 186 187 188 189 190 191 192 193 194 195 196 197 198 199 200 201 202 203 204 205 206 207 208 209 210 211 212 213 214 215 216 217 218 219 220 221 222 223 224 225 226 227 228 229 230 231 232 233 234 235 236 237 238 239 240 241 242 243 244 245 246 247 248 249 250 251 252 253 254 255
p 39 0
p 39 0
i 167 7 39
finished 0
i 167 7 39
i 167 7 39
u 246 7
j 56
j 56
j 56
p 56 39
successor 39 166 246,246,246,246,246,246,246,39 1 2 3 4 5 6 7 8 9 10 11 12 13 14 15 16 17 18 19 20 21 22 23 24 25 26 27 28 29 30 31 32 33 34 35 36 37 38 39
p 56 39
i 184 7 56
p 56 39
i 184 7 56
finished 0
i 184 7 56
u 246 7
j 98
j 98
j 98
j 98
p 98 56
successor 56 166 246,246,246,246,246,246,246,39 40 41 42 43 44 45 46 47 48 49 50 51 52 53 54 55 56
p 98 56
i 226 7 98
p 98 56
i 226 7 98
p 98 56
i 226 7 98
finished 0
u 246 7
j 186
j 186
j 186
p 186 166
successor 166 246 0,0,0,0,39,39,56,166 1 2 3 4 5 6 7 8 9 10 11 12 13 14 15 16 17 18 19 20 21 22 23 24 25 26 27 28 29 30 31 32 33 34 35 36 37 38 39 40 41 42 43 44 45 46 47 48 49 50 51 52 53 54 55 56 57 58 59 60 61 62 63 64 65 66 67 68 69 70 71 72 73 74 75 76 77 78 79 80 81 82 83 84 85 86 87 88 89 90 91 92 93 94 95 96 97 98 99 100 101 102 103 104 105 106 107 108 109 110 111 112 113 114 115 116 117 118 119 120 121 122 123 124 125 126 127 128 129 130 131 132 133 134 135 136 137 138 139 140 141 142 143 144 145 146 147 148 149 150 151 152 153 154 155 156 157 158 159 160 161 162 163 164 165 166
p 186 166
i 250 6 186
i 58 7 186
p 186 166
u 0 6
i 58 7 186
p 186 166
i 58 7 186
finished 0
i 58 7 186
u 98 7
j 201
j 201
j 201
j 201
p 201 186
successor 186 246 0,0,0,0,39,39,56,166 167 168 169 170 171 172 173 174 175 176 177 178 179 180 181 182 183 184 185 186
p 201 186
i 9 6 201
i 73 7 201
p 201 186
i 9 6 201
finished 0
i 73 7 201
u 39 6
i 73 7 201
i 73 7 201
u 98 7
j 55
j 55
j 55
p 55 39
successor 39 56 98,98,98,98,98,98,166,186 1 2 3 4 5 6 7 8 9 10 11 12 13 14 15 16 17 18 19 20 21 22 23 24 25 26 27 28 29 30 31 32 33 34 35 36 37 38 39
p 55 39
i 57 1 55
i 59 2 55
i 63 3 55
p 55 39
i 71 4 55
i 57 1 55
i 87 5 55
i 119 6 55
i 59 2 55
p 55 39
i 183 7 55
i 63 3 55
i 57 1 55
i 71 4 55
i 87 5 55
i 59 2 55
p 55 39
i 119 6 55
i 63 3 55
i 57 1 55
i 183 7 55
i 71 4 55
i 59 2 55
finished 0
i 87 5 55
i 119 6 55
i 63 3 55
i 57 1 55
i 183 7 55
i 71 4 55
i 59 2 55
u 166 6
i 63 3 55
i 87 5 55
u 98 1
i 71 4 55
u 186 7
u 98 2
u 98 3
i 87 5 55
u 98 4
u 98 5
j 176
j 176
j 176
p 176 166
successor 166 186 201,201,201,201,246,246,0,98 1 2 3 4 5 6 7 8 9 10 11 12 13 14 15 16 17 18 19 20 21 22 23 24 25 26 27 28 29 30 31 32 33 34 35 36 37 38 39 40 41 42 43 44 45 46 47 48 49 50 51 52 53 54 55 56 57 58 59 60 61 62 63 64 65 66 67 68 69 70 71 72 73 74 75 76 77 78 79 80 81 82 83 84 85 86 87 88 89 90 91 92 93 94 95 96 97 98 99 100 101 102 103 104 105 106 107 108 109 110 111 112 113 114 115 116 117 118 119 120 121 122 123 124 125 126 127 128 129 130 131 132 133 134 135 136 137 138 139 140 141 142 143 144 145 146 147 148 149 150 151 152 153 154 155 156 157 158 159 160 161 162 163 164 165 166
p 176 166
i 192 4 176
p 176 166
i 208 5 176
i 240 6 176
i 48 7 176
i 192 4 176
p 176 166
i 208 5 176
i 240 6 176
i 192 4 176
p 176 166
i 48 7 176
i 208 5 176
i 192 4 176
i 240 6 176
finished 0
i 208 5 176
i 48 7 176
u 201 4
i 240 6 176
u 246 5
u 55 7
u 246 6
j 73
j 73
j 73
j 73
j 73
p 73 56
successor 56 98 166,166,166,166,166,166,166,246 40 41 42 43 44 45 46 47 48 49 50 51 52 53 54 55 56
p 73 56
i 105 5 73
i 137 6 73
p 73 56
i 201 7 73
i 105 5 73
i 137 6 73
p 73 56
i 105 5 73
i 201 7 73
i 137 6 73
u 166 5
p 73 56
i 201 7 73
u 166 6
p 73 56
i 201 7 73
u 201 7
p 73 56
finished 0
j 114
j 114
j 114
j 114
p 114 98
successor 98 166 176,176,176,176,186,201,246,39 57 58 59 60 61 62 63 64 65 66 67 68 69 70 71 72 73 74 75 76 77 78 79 80 81 82 83 84 85 86 87 88 89 90 91 92 93 94 95 96 97 98
p 114 98
i 178 6 114
i 242 7 114
p 114 98
i 178 6 114
i 242 7 114
p 114 98
i 178 6 114
i 242 7 114
p 114 98
i 178 6 114
i 242 7 114
p 114 98
u 186 6
u 246 7
p 114 98
finished 0
j 245
j 245
j 245
j 245
p 245 201
successor 201 246 0,0,0,0,39,39,55,166 187 188 189 190 191 192 193 194 195 196 197 198 199 200 201
p 245 201
i 247 1 245
p 245 201
i 249 2 245
i 253 3 245
i 5 4 245
u 0 1
i 21 5 245
u 0 2
i 53 6 245
p 245 201
i 117 7 245
u 0 3
i 21 5 245
i 5 4 245
p 245 201
i 53 6 245
u 39 5
i 117 7 245
p 245 201
u 39 4
i 53 6 245
i 117 7 245
finished 0
u 55 6
i 117 7 245
u 166 7
j 231
j 231
j 231
j 231
p 231 201
successor 201 245 246,0,0,0,39,39,55,166 187 188 189 190 191 192 193 194 195 196 197 198 199 200 201
p 231 201
i 247 4 231
p 231 201
i 7 5 231
i 39 6 231
u 0 4
i 103 7 231
p 231 201
i 7 5 231
i 39 6 231
i 103 7 231
p 231 201
u 39 5
u 39 6
i 103 7 231
p 231 201
i 103 7 231
finished 0
u 114 7
j 119
j 119
j 119
j 119
p 119 114
successor 114 166 176,176,176,176,186,201,231,39 99 100 101 102 103 104 105 106 107 108 109 110 111 112 113 114
p 119 114
i 183 6 119
i 247 7 119
p 119 114
i 183 6 119
u 0 7
p 119 114
i 183 6 119
i 183 6 119
p 119 114
u 186 6
p 119 114
p 119 114
p 119 114
p 119 114
finished 0
j 97
j 97
j 97
p 97 73
successor 73 98 114,114,114,114,114,166,166,231 57 58 59 60 61 62 63 64 65 66 67 68 69 70 71 72 73
p 97 73
i 99 1 97
p 97 73
i 101 2 97
i 105 3 97
i 113 4 97
i 99 1 97
i 129 5 97
p 97 73
i 161 6 97
i 101 2 97
i 225 7 97
i 105 3 97
i 113 4 97
p 97 73
i 99 1 97
i 129 5 97
i 101 2 97
i 161 6 97
i 105 3 97
i 225 7 97
i 113 4 97
p 97 73
i 99 1 97
i 129 5 97
i 101 2 97
i 161 6 97
i 225 7 97
i 105 3 97
p 97 73
i 113 4 97
i 99 1 97
i 129 5 97
i 161 6 97
i 101 2 97
i 225 7 97
i 105 3 97
p 97 73
u 114 1
i 113 4 97
i 129 5 97
i 161 6 97
u 114 2
u 231 7
u 114 3
finished 0
u 114 4
u 166 5
u 166 6
j 238
j 238
j 238
j 238
p 238 231
successor 231 245 246,0,0,0,39,39,55,119 202 203 204 205 206 207 208 209 210 211 212 213 214 215 216 217 218 219 220 221 222 223 224 225 226 227 228 229 230 231
p 238 231
i 246 3 238
i 254 4 238
p 238 231
i 14 5 238
i 246 3 238
i 46 6 238
i 110 7 238
u 0 4
p 238 231
i 14 5 238
i 246 3 238
i 46 6 238
p 238 231
i 110 7 238
u 39 5
i 246 3 238
i 46 6 238
p 238 231
i 246 3 238
i 110 7 238
u 55 6
p 238 231
i 110 7 238
u 246 3
finished 0
i 110 7 238
u 114 7
j 218
j 218
j 218
j 218
p 218 201
successor 201 231 238,238,238,245,0,39,39,114 187 188 189 190 191 192 193 194 195 196 197 198 199 200 201
p 218 201
i 234 4 218
i 250 5 218
p 218 201
i 26 6 218
i 90 7 218
i 234 4 218
u 0 5
p 218 201
i 26 6 218
i 90 7 218
i 234 4 218
u 39 6
p 218 201
i 90 7 218
i 234 4 218
p 218 201
u 238 4
u 97 7
p 218 201
p 218 201
finished 0
j 92
j 92
j 92
p 92 73
successor 73 97 98,114,114,114,114,166,166,231 57 58 59 60 61 62 63 64 65 66 67 68 69 70 71 72 73
p 92 73
i 100 3 92
p 92 73
i 108 4 92
i 124 5 92
i 156 6 92
i 100 3 92
i 220 7 92
i 108 4 92
p 92 73
i 124 5 92
i 100 3 92
i 220 7 92
i 108 4 92
p 92 73
i 156 6 92
i 124 5 92
i 100 3 92
i 220 7 92
p 92 73
i 108 4 92
i 156 6 92
i 124 5 92
i 100 3 92
i 220 7 92
p 92 73
i 108 4 92
i 156 6 92
i 124 5 92
i 100 3 92
i 220 7 92
p 92 73
i 108 4 92
i 156 6 92
u 114 3
p 92 73
u 166 5
u 231 7
u 114 4
u 166 6
p 92 73
finished 0
j 99
j 99
j 99
j 99
j 99
j 99
p 99 98
successor 98 114 119,119,119,166,166,166,186,245 57 58 59 60 61 62 63 64 65 66 67 68 69 70 71 72 73 74 75 76 77 78 79 80 81 82 83 84 85 86 87 88 89 90 91 92 93 94 95 96 97 98
p 99 98
i 115 4 99
i 131 5 99
p 99 98
i 163 6 99
i 227 7 99
i 115 4 99
i 131 5 99
p 99 98
i 227 7 99
i 115 4 99
i 163 6 99
i 131 5 99
p 99 98
i 227 7 99
i 115 4 99
i 163 6 99
i 131 5 99
p 99 98
u 119 4
i 227 7 99
i 163 6 99
p 99 98
i 131 5 99
i 163 6 99
i 227 7 99
p 99 98
u 166 5
u 231 7
u 166 6
p 99 98
p 99 98
p 99 98
p 99 98
finished 0
j 49
j 49
j 49
p 49 39
successor 39 55 56,73,73,73,73,92,119,186 1 2 3 4 5 6 7 8 9 10 11 12 13 14 15 16 17 18 19 20 21 22 23 24 25 26 27 28 29 30 31 32 33 34 35 36 37 38 39
p 49 39
i 57 3 49
i 65 4 49
i 81 5 49
i 113 6 49
i 57 3 49
i 177 7 49
p 49 39
i 65 4 49
i 57 3 49
i 81 5 49
p 49 39
i 113 6 49
i 65 4 49
i 177 7 49
i 57 3 49
p 49 39
i 81 5 49
i 65 4 49
i 177 7 49
i 113 6 49
i 57 3 49
p 49 39
u 92 5
i 177 7 49
i 65 4 49
u 73 3
i 113 6 49
p 49 39
u 73 4
i 113 6 49
u 186 7
p 49 39
i 113 6 49
u 114 6
p 49 39
p 49 39
finished 0
j 194
p 194 0
successor 0 0 194,0,0,0,0,0,0,0 0 1 2 3 4 5 6 7 8 9 10 11 12 13 14 15 16 17 18 19 20 21 22 23 24 25 26 27 28 29 30 31 32 33 34 35 36 37 38 39 40 41 42 43 44 45 46 47 48 49 50 51 52 53 54 55 56 57 58 59 60 61 62 63 64 65 66 67 68 69 70 71 72 73 74 75 76 77 78 79 80 81 82 83 84 85 86 87 88 89 90 91 92 93 94 95 96 97 98 99 100 101 102 103 104 105 106 107 108 109 110 111 112 113 114 115 116 117 118 119 120 121 122 123 124 125 126 127 128 129 130 131 132 133 134 135 136 137 138 139 140 141 142 143 144 145 146 147 148 149 150 151 152 153 154 155 156 157 158 159 160 161 162 163 164 165 166 167 168 169 170 171 172 173 174 175 176 177 178 179 180 181 182 183 184 185 186 187 188 189 190 191 192 193 194 195 196 197 198 199 200 201 202 203 204 205 206 207 208 209 210 211 212 213 214 215 216 217 218 219 220 221 222 223 224 225 226 227 228 229 230 231 232 233 234 235 236 237 238 239 240 241 242 243 244 245 246 247 248 249 250 251 252 253 254 255
p 194 0
i 2 6 194
i 66 7 194
i 2 6 194
finished 0
i 66 7 194
u 194 6
u 194 7
j 246
p 246 194
successor 194 0 194,194,194,194,194,194,194,194 1 2 3 4 5 6 7 8 9 10 11 12 13 14 15 16 17 18 19 20 21 22 23 24 25 26 27 28 29 30 31 32 33 34 35 36 37 38 39 40 41 42 43 44 45 46 47 48 49 50 51 52 53 54 55 56 57 58 59 60 61 62 63 64 65 66 67 68 69 70 71 72 73 74 75 76 77 78 79 80 81 82 83 84 85 86 87 88 89 90 91 92 93 94 95 96 97 98 99 100 101 102 103 104 105 106 107 108 109 110 111 112 113 114 115 116 117 118 119 120 121 122 123 124 125 126 127 128 129 130 131 132 133 134 135 136 137 138 139 140 141 142 143 144 145 146 147 148 149 150 151 152 153 154 155 156 157 158 159 160 161 162 163 164 165 166 167 168 169 170 171 172 173 174 175 176 177 178 179 180 181 182 183 184 185 186 187 188 189 190 191 192 193 194
finished 0
i 6 4 246
i 22 5 246
i 54 6 246
i 118 7 246
i 6 4 246
i 22 5 246
i 54 6 246
i 118 7 246
u 194 4
u 194 5
u 194 6
u 194 7
j 252
p 252 246
successor 246 0 194,194,194,194,194,194,194,194 195 196 197 198 199 200 201 202 203 204 205 206 207 208 209 210 211 212 213 214 215 216 217 218 219 220 221 222 223 224 225 226 227 228 229 230 231 232 233 234 235 236 237 238 239 240 241 242 243 244 245 246
p 252 246
i 4 3 252
i 12 4 252
finished 0
i 28 5 252
i 60 6 252
i 4 3 252
i 124 7 252
i 12 4 252
i 28 5 252
i 60 6 252
u 194 3
i 124 7 252
u 194 4
u 194 5
u 194 6
u 194 7
j 242
j 242
j 242
p 242 194
successor 194 246 252,252,252,0,194,194,194,194 1 2 3 4 5 6 7 8 9 10 11 12 13 14 15 16 17 18 19 20 21 22 23 24 25 26 27 28 29 30 31 32 33 34 35 36 37 38 39 40 41 42 43 44 45 46 47 48 49 50 51 52 53 54 55 56 57 58 59 60 61 62 63 64 65 66 67 68 69 70 71 72 73 74 75 76 77 78 79 80 81 82 83 84 85 86 87 88 89 90 91 92 93 94 95 96 97 98 99 100 101 102 103 104 105 106 107 108 109 110 111 112 113 114 115 116 117 118 119 120 121 122 123 124 125 126 127 128 129 130 131 132 133 134 135 136 137 138 139 140 141 142 143 144 145 146 147 148 149 150 151 152 153 154 155 156 157 158 159 160 161 162 163 164 165 166 167 168 169 170 171 172 173 174 175 176 177 178 179 180 181 182 183 184 185 186 187 188 189 190 191 192 193 194
finished 0
i 250 3 242
i 2 4 242
i 18 5 242
i 50 6 242
i 250 3 242
i 114 7 242
i 18 5 242
i 2 4 242
i 250 3 242
i 50 6 242
u 194 5
i 114 7 242
u 194 4
i 250 3 242
u 194 6
i 250 3 242
u 194 7
u 252 3
j 14
j 14
p 14 0
successor 0 194 242,242,242,242,242,242,194,194 0 1 2 3 4 5 6 7 8 9 10 11 12 13 14 15 16 17 18 19 20 21 22 23 24 25 26 27 28 29 30 31 32 33 34 35 36 37 38 39 40 41 42 43 44 45 46 47 48 49 50 51 52 53 54 55 56 57 58 59 60 61 62 63 64 65 66 67 68 69 70 71 72 73 74 75 76 77 78 79 80 81 82 83 84 85 86 87 88 89 90 91 92 93 94 95 96 97 98 99 100 101 102 103 104 105 106 107 108 109 110 111 112 113 114 115 116 117 118 119 120 121 122 123 124 125 126 127 128 129 130 131 132 133 134 135 136 137 138 139 140 141 142 143 144 145 146 147 148 149 150 151 152 153 154 155 156 157 158 159 160 161 162 163 164 165 166 167 168 169 170 171 172 173 174 175 176 177 178 179 180 181 182 183 184 185 186 187 188 189 190 191 192 193 194 195 196 197 198 199 200 201 202 203 204 205 206 207 208 209 210 211 212 213 214 215 216 217 218 219 220 221 222 223 224 225 226 227 228 229 230 231 232 233 234 235 236 237 238 239 240 241 242 243 244 245 246 247 248 249 250 251 252 253 254 255
p 14 0
p 14 0
p 14 0
p 14 0
finished 0
j 144
j 144
j 144
p 144 14
successor 14 194 242,242,242,242,242,242,14,194 1 2 3 4 5 6 7 8 9 10 11 12 13 14
p 144 14
i 208 6 144
i 16 7 144
p 144 14
i 208 6 144
i 16 7 144
p 144 14
i 208 6 144
i 16 7 144
p 144 14
i 208 6 144
u 144 7
p 144 14
u 242 6
p 144 14
finished 0
j 140
j 140
j 140
p 140 14
successor 14 144 194,194,194,194,194,194,242,144 1 2 3 4 5 6 7 8 9 10 11 12 13 14
p 140 14
i 148 3 140
i 156 4 140
p 140 14
i 172 5 140
i 204 6 140
i 12 7 140
i 148 3 140
i 156 4 140
p 140 14
i 172 5 140
i 204 6 140
i 148 3 140
i 12 7 140
i 156 4 140
p 140 14
i 172 5 140
i 204 6 140
i 148 3 140
i 156 4 140
u 14 7
p 140 14
i 172 5 140
u 194 3
i 204 6 140
u 194 4
p 140 14
u 194 5
i 204 6 140
finished 0
u 242 6
j 218
j 218
j 218
j 218
p 218 194
successor 194 242 246,246,246,252,14,140,140,140 1 2 3 4 5 6 7 8 9 10 11 12 13 14 15 16 17 18 19 20 21 22 23 24 25 26 27 28 29 30 31 32 33 34 35 36 37 38 39 40 41 42 43 44 45 46 47 48 49 50 51 52 53 54 55 56 57 58 59 60 61 62 63 64 65 66 67 68 69 70 71 72 73 74 75 76 77 78 79 80 81 82 83 84 85 86 87 88 89 90 91 92 93 94 95 96 97 98 99 100 101 102 103 104 105 106 107 108 109 110 111 112 113 114 115 116 117 118 119 120 121 122 123 124 125 126 127 128 129 130 131 132 133 134 135 136 137 138 139 140 141 142 143 144 145 146 147 148 149 150 151 152 153 154 155 156 157 158 159 160 161 162 163 164 165 166 167 168 169 170 171 172 173 174 175 176 177 178 179 180 181 182 183 184 185 186 187 188 189 190 191 192 193 194
p 218 194
i 250 5 218
i 26 6 218
i 90 7 218
p 218 194
i 250 5 218
finished 0
i 26 6 218
i 90 7 218
i 250 5 218
i 26 6 218
i 90 7 218
i 250 5 218
u 140 6
u 140 7
i 250 5 218
i 250 5 218
u 252 5
j 111
j 111
j 111
p 111 14
successor 14 140 144,144,144,194,194,194,218,14 1 2 3 4 5 6 7 8 9 10 11 12 13 14
p 111 14
i 143 5 111
i 175 6 111
p 111 14
i 239 7 111
i 143 5 111
i 175 6 111
p 111 14
i 143 5 111
i 239 7 111
i 175 6 111
p 111 14
u 144 5
i 239 7 111
i 175 6 111
p 111 14
i 239 7 111
u 194 6
p 111 14
u 242 7
p 111 14
finished 0
j 184
j 184
j 184
j 184
p 184 144
successor 144 194 218,218,218,218,218,242,14,111 15 16 17 18 19 20 21 22 23 24 25 26 27 28 29 30 31 32 33 34 35 36 37 38 39 40 41 42 43 44 45 46 47 48 49 50 51 52 53 54 55 56 57 58 59 60 61 62 63 64 65 66 67 68 69 70 71 72 73 74 75 76 77 78 79 80 81 82 83 84 85 86 87 88 89 90 91 92 93 94 95 96 97 98 99 100 101 102 103 104 105 106 107 108 109 110 111 112 113 114 115 116 117 118 119 120 121 122 123 124 125 126 127 128 129 130 131 132 133 134 135 136 137 138 139 140 141 142 143 144
p 184 144
i 200 4 184
p 184 144
i 216 5 184
i 248 6 184
i 56 7 184
i 200 4 184
finished 0
i 216 5 184
i 248 6 184
i 200 4 184
i 56 7 184
i 216 5 184
i 248 6 184
i 200 4 184
i 56 7 184
i 216 5 184
i 248 6 184
i 200 4 184
u 111 7
i 216 5 184
u 218 4
i 248 6 184
u 218 5
i 248 6 184
u 252 6
j 66
j 66
j 66
p 66 14
successor 14 111 140,140,140,140,140,144,184,242 1 2 3 4 5 6 7 8 9 10 11 12 13 14
p 66 14
i 130 6 66
i 194 7 66
p 66 14
i 130 6 66
i 194 7 66
p 66 14
i 130 6 66
i 194 7 66
p 66 14
i 130 6 66
i 194 7 66
u 140 6
p 66 14
u 194 7
p 66 14
p 66 14
p 66 14
finished 0
j 124
j 124
j 124
j 124
p 124 111
successor 111 140 144,144,144,184,184,184,218,14 15 16 17 18 19 20 21 22 23 24 25 26 27 28 29 30 31 32 33 34 35 36 37 38 39 40 41 42 43 44 45 46 47 48 49 50 51 52 53 54 55 56 57 58 59 60 61 62 63 64 65 66 67 68 69 70 71 72 73 74 75 76 77 78 79 80 81 82 83 84 85 86 87 88 89 90 91 92 93 94 95 96 97 98 99 100 101 102 103 104 105 106 107 108 109 110 111
p 124 111
i 156 5 124
i 188 6 124
p 124 111
i 252 7 124
i 156 5 124
p 124 111
i 188 6 124
i 156 5 124
i 252 7 124
p 124 111
i 188 6 124
i 156 5 124
i 252 7 124
p 124 111
i 188 6 124
u 184 5
i 252 7 124
p 124 111
u 194 6
i 252 7 124
finished 0
i 252 7 124
u 252 7
j 165
j 165
j 165
j 165
p 165 144
successor 144 184 194,194,194,194,218,218,252,66 15 16 17 18 19 20 21 22 23 24 25 26 27 28 29 30 31 32 33 34 35 36 37 38 39 40 41 42 43 44 45 46 47 48 49 50 51 52 53 54 55 56 57 58 59 60 61 62 63 64 65 66 67 68 69 70 71 72 73 74 75 76 77 78 79 80 81 82 83 84 85 86 87 88 89 90 91 92 93 94 95 96 97 98 99 100 101 102 103 104 105 106 107 108 109 110 111 112 113 114 115 116 117 118 119 120 121 122 123 124 125 126 127 128 129 130 131 132 133 134 135 136 137 138 139 140 141 142 143 144
p 165 144
i 197 5 165
p 165 144
i 229 6 165
i 37 7 165
p 165 144
i 197 5 165
i 229 6 165
i 37 7 165
p 165 144
i 197 5 165
i 229 6 165
i 37 7 165
finished 0
i 197 5 165
i 229 6 165
u 66 7
u 242 6
i 197 5 165
u 218 5
j 35
j 35
j 35
p 35 14
successor 14 66 111,111,111,111,111,111,140,194 1 2 3 4 5 6 7 8 9 10 11 12 13 14
p 35 14
i 67 5 35
i 99 6 35
p 35 14
i 163 7 35
i 67 5 35
p 35 14
i 163 7 35
i 67 5 35
i 99 6 35
p 35 14
i 163 7 35
u 111 5
i 99 6 35
p 35 14
i 163 7 35
p 35 14
u 165 7
u 111 6
p 35 14
p 35 14
p 35 14
finished 0
j 9
j 9
p 9 0
successor 0 14 35,35,35,35,35,66,111,144 0 1 2 3 4 5 6 7 8 9 10 11 12 13 14 15 16 17 18 19 20 21 22 23 24 25 26 27 28 29 30 31 32 33 34 35 36 37 38 39 40 41 42 43 44 45 46 47 48 49 50 51 52 53 54 55 56 57 58 59 60 61 62 63 64 65 66 67 68 69 70 71 72 73 74 75 76 77 78 79 80 81 82 83 84 85 86 87 88 89 90 91 92 93 94 95 96 97 98 99 100 101 102 103 104 105 106 107 108 109 110 111 112 113 114 115 116 117 118 119 120 121 122 123 124 125 126 127 128 129 130 131 132 133 134 135 136 137 138 139 140 141 142 143 144 145 146 147 148 149 150 151 152 153 154 155 156 157 158 159 160 161 162 163 164 165 166 167 168 169 170 171 172 173 174 175 176 177 178 179 180 181 182 183 184 185 186 187 188 189 190 191 192 193 194 195 196 197 198 199 200 201 202 203 204 205 206 207 208 209 210 211 212 213 214 215 216 217 218 219 220 221 222 223 224 225 226 227 228 229 230 231 232 233 234 235 236 237 238 239 240 241 242 243 244 245 246 247 248 249 250 251 252 253 254 255
p 9 0
i 17 3 9
i 25 4 9
p 9 0
i 41 5 9
i 73 6 9
i 137 7 9
i 17 3 9
i 25 4 9
p 9 0
i 17 3 9
i 73 6 9
i 41 5 9
i 25 4 9
i 137 7 9
p 9 0
i 73 6 9
i 17 3 9
i 41 5 9
i 137 7 9
i 25 4 9
p 9 0
u 111 6
u 35 3
u 66 5
i 137 7 9
p 9 0
u 35 4
i 137 7 9
p 9 0
u 140 7
p 9 0
p 9 0
finished 0
j 6
j 6
p 6 0
successor 0 9 14,14,14,35,35,66,111,140 0 1 2 3 4 5 6 7 8 9 10 11 12 13 14 15 16 17 18 19 20 21 22 23 24 25 26 27 28 29 30 31 32 33 34 35 36 37 38 39 40 41 42 43 44 45 46 47 48 49 50 51 52 53 54 55 56 57 58 59 60 61 62 63 64 65 66 67 68 69 70 71 72 73 74 75 76 77 78 79 80 81 82 83 84 85 86 87 88 89 90 91 92 93 94 95 96 97 98 99 100 101 102 103 104 105 106 107 108 109 110 111 112 113 114 115 116 117 118 119 120 121 122 123 124 125 126 127 128 129 130 131 132 133 134 135 136 137 138 139 140 141 142 143 144 145 146 147 148 149 150 151 152 153 154 155 156 157 158 159 160 161 162 163 164 165 166 167 168 169 170 171 172 173 174 175 176 177 178 179 180 181 182 183 184 185 186 187 188 189 190 191 192 193 194 195 196 197 198 199 200 201 202 203 204 205 206 207 208 209 210 211 212 213 214 215 216 217 218 219 220 221 222 223 224 225 226 227 228 229 230 231 232 233 234 235 236 237 238 239 240 241 242 243 244 245 246 247 248 249 250 251 252 253 254 255
p 6 0
i 10 2 6
p 6 0
i 14 3 6
i 22 4 6
i 38 5 6
i 70 6 6
i 10 2 6
i 134 7 6
p 6 0
i 14 3 6
i 22 4 6
i 38 5 6
i 70 6 6
i 10 2 6
p 6 0
i 134 7 6
i 22 4 6
i 38 5 6
i 14 3 6
u 14 2
i 70 6 6
i 134 7 6
p 6 0
i 22 4 6
u 66 5
u 14 3
u 111 6
p 6 0
i 134 7 6
u 35 4
p 6 0
i 134 7 6
p 6 0
u 140 7
p 6 0
finished 0
j 222
j 222
j 222
j 222
p 222 218
successor 218 242 246,246,246,252,6,35,66,124 195 196 197 198 199 200 201 202 203 204 205 206 207 208 209 210 211 212 213 214 215 216 217 218
p 222 218
i 254 5 222
i 30 6 222
i 94 7 222
u 0 5
p 222 218
i 30 6 222
i 94 7 222
p 222 218
i 30 6 222
i 94 7 222
p 222 218
i 30 6 222
u 111 7
p 222 218
u 35 6
p 222 218
p 222 218
finished 0
j 39
j 39
j 39
p 39 35
successor 35 66 111,111,111,111,111,111,140,194 15 16 17 18 19 20 21 22 23 24 25 26 27 28 29 30 31 32 33 34 35
p 39 35
i 71 5 39
i 103 6 39
p 39 35
i 167 7 39
i 71 5 39
i 103 6 39
p 39 35
i 167 7 39
i 71 5 39
i 103 6 39
p 39 35
i 167 7 39
u 111 5
p 39 35
i 167 7 39
u 111 6
p 39 35
u 184 7
p 39 35
p 39 35
p 39 35
p 39 35
p 39 35
p 39 35
finished 0
j 107
j 107
j 107
p 107 66
successor 66 111 124,124,124,124,140,144,184,242 15 16 17 18 19 20 21 22 23 24 25 26 27 28 29 30 31 32 33 34 35 36 37 38 39 40 41 42 43 44 45 46 47 48 49 50 51 52 53 54 55 56 57 58 59 60 61 62 63 64 65 66
p 107 66
i 115 3 107
i 123 4 107
p 107 66
i 139 5 107
i 171 6 107
i 235 7 107
i 115 3 107
i 123 4 107
p 107 66
i 139 5 107
i 115 3 107
i 171 6 107
i 235 7 107
i 123 4 107
p 107 66
i 139 5 107
i 171 6 107
i 115 3 107
i 123 4 107
i 235 7 107
p 107 66
i 139 5 107
i 171 6 107
i 115 3 107
i 235 7 107
i 123 4 107
u 184 6
p 107 66
i 139 5 107
u 124 3
u 124 4
i 235 7 107
i 139 5 107
p 107 66
u 242 7
u 140 5
p 107 66
p 107 66
p 107 66
p 107 66
finished 0
j 22
j 22
j 22
j 22
p 22 14
successor 14 35 39,39,39,66,66,107,107,165 1 2 3 4 5 6 7 8 9 10 11 12 13 14
p 22 14
i 38 4 22
i 54 5 22
i 86 6 22
i 150 7 22
p 22 14
i 38 4 22
i 54 5 22
p 22 14
i 86 6 22
i 38 4 22
i 150 7 22
p 22 14
i 54 5 22
u 39 4
i 86 6 22
i 150 7 22
p 22 14
i 54 5 22
i 150 7 22
p 22 14
u 107 6
u 66 5
u 165 7
p 22 14
p 22 14
p 22 14
p 22 14
p 22 14
p 22 14
finished 0
j 144
p 144 0
successor 0 0 144,0,0,0,0,0,0,0 0 1 2 3 4 5 6 7 8 9 10 11 12 13 14 15 16 17 18 19 20 21 22 23 24 25 26 27 28 29 30 31 32 33 34 35 36 37 38 39 40 41 42 43 44 45 46 47 48 49 50 51 52 53 54 55 56 57 58 59 60 61 62 63 64 65 66 67 68 69 70 71 72 73 74 75 76 77 78 79 80 81 82 83 84 85 86 87 88 89 90 91 92 93 94 95 96 97 98 99 100 101 102 103 104 105 106 107 108 109 110 111 112 113 114 115 116 117 118 119 120 121 122 123 124 125 126 127 128 129 130 131 132 133 134 135 136 137 138 139 140 141 142 143 144 145 146 147 148 149 150 151 152 153 154 155 156 157 158 159 160 161 162 163 164 165 166 167 168 169 170 171 172 173 174 175 176 177 178 179 180 181 182 183 184 185 186 187 188 189 190 191 192 193 194 195 196 197 198 199 200 201 202 203 204 205 206 207 208 209 210 211 212 213 214 215 216 217 218 219 220 221 222 223 224 225 226 227 228 229 230 231 232 233 234 235 236 237 238 239 240 241 242 243 244 245 246 247 248 249 250 251 252 253 254 255
p 144 0
i 16 7 144
finished 0
i 16 7 144
u 144 7
j 12
j 12
p 12 0
successor 0 144 0,0,0,0,0,0,0,144 0 1 2 3 4 5 6 7 8 9 10 11 12 13 14 15 16 17 18 19 20 21 22 23 24 25 26 27 28 29 30 31 32 33 34 35 36 37 38 39 40 41 42 43 44 45 46 47 48 49 50 51 52 53 54 55 56 57 58 59 60 61 62 63 64 65 66 67 68 69 70 71 72 73 74 75 76 77 78 79 80 81 82 83 84 85 86 87 88 89 90 91 92 93 94 95 96 97 98 99 100 101 102 103 104 105 106 107 108 109 110 111 112 113 114 115 116 117 118 119 120 121 122 123 124 125 126 127 128 129 130 131 132 133 134 135 136 137 138 139 140 141 142 143 144 145 146 147 148 149 150 151 152 153 154 155 156 157 158 159 160 161 162 163 164 165 166 167 168 169 170 171 172 173 174 175 176 177 178 179 180 181 182 183 184 185 186 187 188 189 190 191 192 193 194 195 196 197 198 199 200 201 202 203 204 205 206 207 208 209 210 211 212 213 214 215 216 217 218 219 220 221 222 223 224 225 226 227 228 229 230 231 232 233 234 235 236 237 238 239 240 241 242 243 244 245 246 247 248 249 250 251 252 253 254 255
p 12 0
finished 0
j 39
j 39
j 39
p 39 12
successor 12 144 0,0,0,0,0,0,0,144 1 2 3 4 5 6 7 8 9 10 11 12
p 39 12
i 167 7 39
p 39 12
u 0 7
finished 0
j 233
p 233 144
successor 144 0 12,12,12,12,39,39,144,144 1 2 3 4 5 6 7 8 9 10 11 12 13 14 15 16 17 18 19 20 21 22 23 24 25 26 27 28 29 30 31 32 33 34 35 36 37 38 39 40 41 42 43 44 45 46 47 48 49 50 51 52 53 54 55 56 57 58 59 60 61 62 63 64 65 66 67 68 69 70 71 72 73 74 75 76 77 78 79 80 81 82 83 84 85 86 87 88 89 90 91 92 93 94 95 96 97 98 99 100 101 102 103 104 105 106 107 108 109 110 111 112 113 114 115 116 117 118 119 120 121 122 123 124 125 126 127 128 129 130 131 132 133 134 135 136 137 138 139 140 141 142 143 144
p 233 144
i 9 5 233
i 41 6 233
i 105 7 233
finished 0
i 41 6 233
i 9 5 233
i 105 7 233
i 41 6 233
i 105 7 233
u 12 5
u 144 6
u 144 7
j 156
j 156
j 156
p 156 144
successor 144 233 0,0,0,0,0,12,144,144 1 2 3 4 5 6 7 8 9 10 11 12 13 14 15 16 17 18 19 20 21 22 23 24 25 26 27 28 29 30 31 32 33 34 35 36 37 38 39 40 41 42 43 44 45 46 47 48 49 50 51 52 53 54 55 56 57 58 59 60 61 62 63 64 65 66 67 68 69 70 71 72 73 74 75 76 77 78 79 80 81 82 83 84 85 86 87 88 89 90 91 92 93 94 95 96 97 98 99 100 101 102 103 104 105 106 107 108 109 110 111 112 113 114 115 116 117 118 119 120 121 122 123 124 125 126 127 128 129 130 131 132 133 134 135 136 137 138 139 140 141 142 143 144
p 156 144
i 28 7 156
finished 0
i 28 7 156
i 28 7 156
u 39 7
j 130
j 130
j 130
p 130 39
successor 39 144 156,156,156,156,233,233,233,39 13 14 15 16 17 18 19 20 21 22 23 24 25 26 27 28 29 30 31 32 33 34 35 36 37 38 39
p 130 39
i 146 4 130
i 162 5 130
i 194 6 130
i 2 7 130
p 130 39
i 146 4 130
i 194 6 130
i 162 5 130
i 146 4 130
i 2 7 130
p 130 39
i 194 6 130
u 12 7
finished 0
u 156 4
i 162 5 130
i 194 6 130
i 162 5 130
u 233 6
u 233 5
j 164
j 164
j 164
j 164
p 164 156
successor 156 233 0,0,0,0,0,12,130,130 145 146 147 148 149 150 151 152 153 154 155 156
p 164 156
i 36 7 164
i 36 7 164
p 164 156
i 36 7 164
p 164 156
u 39 7
finished 0
j 4
j 4
p 4 0
successor 0 12 39,39,39,39,39,130,130,144 0 1 2 3 4 5 6 7 8 9 10 11 12 13 14 15 16 17 18 19 20 21 22 23 24 25 26 27 28 29 30 31 32 33 34 35 36 37 38 39 40 41 42 43 44 45 46 47 48 49 50 51 52 53 54 55 56 57 58 59 60 61 62 63 64 65 66 67 68 69 70 71 72 73 74 75 76 77 78 79 80 81 82 83 84 85 86 87 88 89 90 91 92 93 94 95 96 97 98 99 100 101 102 103 104 105 106 107 108 109 110 111 112 113 114 115 116 117 118 119 120 121 122 123 124 125 126 127 128 129 130 131 132 133 134 135 136 137 138 139 140 141 142 143 144 145 146 147 148 149 150 151 152 153 154 155 156 157 158 159 160 161 162 163 164 165 166 167 168 169 170 171 172 173 174 175 176 177 178 179 180 181 182 183 184 185 186 187 188 189 190 191 192 193 194 195 196 197 198 199 200 201 202 203 204 205 206 207 208 209 210 211 212 213 214 215 216 217 218 219 220 221 222 223 224 225 226 227 228 229 230 231 232 233 234 235 236 237 238 239 240 241 242 243 244 245 246 247 248 249 250 251 252 253 254 255
p 4 0
i 20 4 4
i 36 5 4
i 68 6 4
i 132 7 4
p 4 0
i 20 4 4
i 36 5 4
p 4 0
i 20 4 4
i 132 7 4
i 68 6 4
i 36 5 4
p 4 0
u 39 4
i 132 7 4
i 68 6 4
u 39 5
u 144 7
p 4 0
u 130 6
finished 0
j 162
j 162
j 162
j 162
p 162 156
successor 156 164 233,233,233,233,233,233,233,39 145 146 147 148 149 150 151 152 153 154 155 156
p 162 156
i 166 2 162
i 170 3 162
i 178 4 162
i 194 5 162
i 226 6 162
p 162 156
i 34 7 162
i 166 2 162
i 178 4 162
i 170 3 162
p 162 156
i 194 5 162
i 166 2 162
i 226 6 162
i 34 7 162
i 178 4 162
i 194 5 162
i 170 3 162
finished 0
i 166 2 162
i 34 7 162
i 226 6 162
i 178 4 162
i 194 5 162
i 170 3 162
i 166 2 162
i 226 6 162
u 39 7
i 178 4 162
i 194 5 162
i 170 3 162
u 233 2
i 226 6 162
u 233 4
u 233 5
u 233 3
u 233 6
j 198
j 198
j 198
j 198
j 198
p 198 164
successor 164 233 0,0,0,0,0,12,130,130 157 158 159 160 161 162 163 164
p 198 164
i 6 6 198
i 70 7 198
p 198 164
i 6 6 198
i 70 7 198
p 198 164
i 6 6 198
p 198 164
i 70 7 198
u 12 6
p 198 164
u 130 7
finished 0
j 151
j 151
j 151
j 151
p 151 144
successor 144 156 162,162,162,164,198,198,233,39 1 2 3 4 5 6 7 8 9 10 11 12 13 14 15 16 17 18 19 20 21 22 23 24 25 26 27 28 29 30 31 32 33 34 35 36 37 38 39 40 41 42 43 44 45 46 47 48 49 50 51 52 53 54 55 56 57 58 59 60 61 62 63 64 65 66 67 68 69 70 71 72 73 74 75 76 77 78 79 80 81 82 83 84 85 86 87 88 89 90 91 92 93 94 95 96 97 98 99 100 101 102 103 104 105 106 107 108 109 110 111 112 113 114 115 116 117 118 119 120 121 122 123 124 125 126 127 128 129 130 131 132 133 134 135 136 137 138 139 140 141 142 143 144
p 151 144
i 159 3 151
i 167 4 151
i 183 5 151
i 215 6 151
i 23 7 151
p 151 144
i 159 3 151
i 167 4 151
i 183 5 151
finished 0
i 159 3 151
i 215 6 151
i 167 4 151
i 23 7 151
i 183 5 151
i 159 3 151
i 167 4 151
i 215 6 151
i 23 7 151
i 183 5 151
i 167 4 151
u 39 7
i 215 6 151
i 159 3 151
i 183 5 151
u 198 4
u 233 6
u 162 3
u 198 5
j 33
j 33
j 33
p 33 12
successor 12 39 130,130,130,130,130,130,130,198 1 2 3 4 5 6 7 8 9 10 11 12
p 33 12
i 41 3 33
i 49 4 33
i 65 5 33
i 97 6 33
i 161 7 33
p 33 12
i 41 3 33
i 65 5 33
i 49 4 33
i 161 7 33
i 41 3 33
i 97 6 33
p 33 12
i 49 4 33
i 65 5 33
u 130 3
i 97 6 33
i 161 7 33
p 33 12
u 130 4
u 130 5
u 130 6
p 33 12
i 161 7 33
p 33 12
i 161 7 33
p 33 12
u 162 7
p 33 12
p 33 12
finished 0
j 205
j 205
j 205
j 205
p 205 198
successor 198 233 0,0,0,0,0,12,130,130 165 166 167 168 169 170 171 172 173 174 175 176 177 178 179 180 181 182 183 184 185 186 187 188 189 190 191 192 193 194 195 196 197 198
p 205 198
i 237 5 205
i 13 6 205
i 77 7 205
p 205 198
u 0 5
i 13 6 205
i 77 7 205
p 205 198
i 13 6 205
i 77 7 205
p 205 198
u 33 6
i 77 7 205
p 205 198
u 130 7
p 205 198
finished 0
j 122
j 122
j 122
j 122
p 122 39
successor 39 130 144,144,144,144,151,162,198,4 13 14 15 16 17 18 19 20 21 22 23 24 25 26 27 28 29 30 31 32 33 34 35 36 37 38 39
p 122 39
i 138 4 122
i 154 5 122
i 186 6 122
i 250 7 122
p 122 39
i 138 4 122
i 154 5 122
i 186 6 122
u 0 7
i 138 4 122
p 122 39
i 154 5 122
i 186 6 122
u 144 4
p 122 39
i 154 5 122
i 186 6 122
p 122 39
u 156 5
i 186 6 122
p 122 39
u 198 6
p 122 39
finished 0
j 127
j 127
j 127
p 127 122
successor 122 130 144,144,144,144,151,162,198,4 40 41 42 43 44 45 46 47 48 49 50 51 52 53 54 55 56 57 58 59 60 61 62 63 64 65 66 67 68 69 70 71 72 73 74 75 76 77 78 79 80 81 82 83 84 85 86 87 88 89 90 91 92 93 94 95 96 97 98 99 100 101 102 103 104 105 106 107 108 109 110 111 112 113 114 115 116 117 118 119 120 121 122
p 127 122
i 131 2 127
i 135 3 127
i 143 4 127
i 159 5 127
i 191 6 127
i 255 7 127
p 127 122
i 131 2 127
i 135 3 127
i 143 4 127
i 159 5 127
i 191 6 127
i 131 2 127
p 127 122
u 0 7
i 135 3 127
i 143 4 127
i 159 5 127
u 144 2
p 127 122
i 191 6 127
u 144 3
u 144 4
i 159 5 127
p 127 122
i 191 6 127
i 159 5 127
finished 0
i 191 6 127
u 162 5
u 198 6
j 13
j 13
j 13
p 13 12
successor 12 33 39,39,39,122,122,122,122,162 1 2 3 4 5 6 7 8 9 10 11 12
p 13 12
i 45 5 13
i 77 6 13
i 141 7 13
i 45 5 13
p 13 12
i 77 6 13
i 141 7 13
p 13 12
i 45 5 13
i 77 6 13
i 141 7 13
p 13 12
i 45 5 13
i 77 6 13
u 144 7
p 13 12
u 122 5
u 122 6
p 13 12
p 13 12
p 13 12
p 13 12
p 13 12
finished 0
j 80
j 80
j 80
j 80
p 80 39
successor 39 122 127,127,127,130,144,156,198,0 13 14 15 16 17 18 19 20 21 22 23 24 25 26 27 28 29 30 31 32 33 34 35 36 37 38 39
p 80 39
i 144 6 80
i 208 7 80
p 80 39
i 208 7 80
i 144 6 80
p 80 39
i 208 7 80
i 144 6 80
i 208 7 80
u 144 6
p 80 39
i 208 7 80
p 80 39
p 80 39
u 233 7
p 80 39
p 80 39
finished 0
j 116
j 116
j 116
p 116 80
successor 80 122 127,127,127,130,144,156,198,0 40 41 42 43 44 45 46 47 48 49 50 51 52 53 54 55 56 57 58 59 60 61 62 63 64 65 66 67 68 69 70 71 72 73 74 75 76 77 78 79 80
p 116 80
i 124 3 116
i 132 4 116
i 148 5 116
i 180 6 116
i 244 7 116
p 116 80
i 124 3 116
i 132 4 116
i 148 5 116
i 180 6 116
p 116 80
u 0 7
i 124 3 116
i 132 4 116
i 148 5 116
p 116 80
i 180 6 116
i 124 3 116
u 144 4
i 148 5 116
p 116 80
i 180 6 116
i 124 3 116
p 116 80
u 151 5
i 180 6 116
u 127 3
u 198 6
p 116 80
finished 0
j 109
j 109
j 109
p 109 80
successor 80 116 122,122,122,127,144,151,198,0 40 41 42 43 44 45 46 47 48 49 50 51 52 53 54 55 56 57 58 59 60 61 62 63 64 65 66 67 68 69 70 71 72 73 74 75 76 77 78 79 80
p 109 80
i 117 3 109
i 125 4 109
i 141 5 109
i 173 6 109
i 237 7 109
p 109 80
i 117 3 109
i 125 4 109
i 141 5 109
p 109 80
i 173 6 109
u 0 7
i 125 4 109
i 117 3 109
i 141 5 109
p 109 80
i 173 6 109
i 125 4 109
p 109 80
i 117 3 109
i 173 6 109
u 144 5
i 125 4 109
u 127 4
p 109 80
i 173 6 109
u 122 3
p 109 80
u 198 6
finished 0
j 208
j 208
j 208
j 208
j 208
p 208 205
successor 205 233 0,0,0,0,0,12,80,109 199 200 201 202 203 204 205
p 208 205
i 240 5 208
i 16 6 208
i 80 7 208
p 208 205
u 0 5
i 16 6 208
i 80 7 208
p 208 205
i 16 6 208
i 80 7 208
p 208 205
i 80 7 208
p 208 205
i 16 6 208
u 80 7
u 33 6
p 208 205
p 208 205
p 208 205
p 208 205
p 208 205
p 208 205
p 208 205
finished 0
j 120
p 120 0
successor 0 0 120,0,0,0,0,0,0,0 0 1 2 3 4 5 6 7 8 9 10 11 12 13 14 15 16 17 18 19 20 21 22 23 24 25 26 27 28 29 30 31 32 33 34 35 36 37 38 39 40 41 42 43 44 45 46 47 48 49 50 51 52 53 54 55 56 57 58 59 60 61 62 63 64 65 66 67 68 69 70 71 72 73 74 75 76 77 78 79 80 81 82 83 84 85 86 87 88 89 90 91 92 93 94 95 96 97 98 99 100 101 102 103 104 105 106 107 108 109 110 111 112 113 114 115 116 117 118 119 120 121 122 123 124 125 126 127 128 129 130 131 132 133 134 135 136 137 138 139 140 141 142 143 144 145 146 147 148 149 150 151 152 153 154 155 156 157 158 159 160 161 162 163 164 165 166 167 168 169 170 171 172 173 174 175 176 177 178 179 180 181 182 183 184 185 186 187 188 189 190 191 192 193 194 195 196 197 198 199 200 201 202 203 204 205 206 207 208 209 210 211 212 213 214 215 216 217 218 219 220 221 222 223 224 225 226 227 228 229 230 231 232 233 234 235 236 237 238 239 240 241 242 243 244 245 246 247 248 249 250 251 252 253 254 255
finished 0
j 34
j 34
p 34 0
successor 0 120 0,0,0,0,0,0,0,0 0 1 2 3 4 5 6 7 8 9 10 11 12 13 14 15 16 17 18 19 20 21 22 23 24 25 26 27 28 29 30 31 32 33 34 35 36 37 38 39 40 41 42 43 44 45 46 47 48 49 50 51 52 53 54 55 56 57 58 59 60 61 62 63 64 65 66 67 68 69 70 71 72 73 74 75 76 77 78 79 80 81 82 83 84 85 86 87 88 89 90 91 92 93 94 95 96 97 98 99 100 101 102 103 104 105 106 107 108 109 110 111 112 113 114 115 116 117 118 119 120 121 122 123 124 125 126 127 128 129 130 131 132 133 134 135 136 137 138 139 140 141 142 143 144 145 146 147 148 149 150 151 152 153 154 155 156 157 158 159 160 161 162 163 164 165 166 167 168 169 170 171 172 173 174 175 176 177 178 179 180 181 182 183 184 185 186 187 188 189 190 191 192 193 194 195 196 197 198 199 200 201 202 203 204 205 206 207 208 209 210 211 212 213 214 215 216 217 218 219 220 221 222 223 224 225 226 227 228 229 230 231 232 233 234 235 236 237 238 239 240 241 242 243 244 245 246 247 248 249 250 251 252 253 254 255
finished 0
i 162 7 34
u 0 7
j 178
p 178 120
successor 120 0 34,34,34,34,34,34,120,0 1 2 3 4 5 6 7 8 9 10 11 12 13 14 15 16 17 18 19 20 21 22 23 24 25 26 27 28 29 30 31 32 33 34 35 36 37 38 39 40 41 42 43 44 45 46 47 48 49 50 51 52 53 54 55 56 57 58 59 60 61 62 63 64 65 66 67 68 69 70 71 72 73 74 75 76 77 78 79 80 81 82 83 84 85 86 87 88 89 90 91 92 93 94 95 96 97 98 99 100 101 102 103 104 105 106 107 108 109 110 111 112 113 114 115 116 117 118 119 120
p 178 120
i 50 7 178
p 178 120
i 50 7 178
finished 0
i 50 7 178
u 120 7
j 139
j 139
j 139
p 139 120
successor 120 178 0,0,0,0,0,0,0,120 1 2 3 4 5 6 7 8 9 10 11 12 13 14 15 16 17 18 19 20 21 22 23 24 25 26 27 28 29 30 31 32 33 34 35 36 37 38 39 40 41 42 43 44 45 46 47 48 49 50 51 52 53 54 55 56 57 58 59 60 61 62 63 64 65 66 67 68 69 70 71 72 73 74 75 76 77 78 79 80 81 82 83 84 85 86 87 88 89 90 91 92 93 94 95 96 97 98 99 100 101 102 103 104 105 106 107 108 109 110 111 112 113 114 115 116 117 118 119 120
p 139 120
i 203 6 139
i 11 7 139
p 139 120
u 0 6
i 11 7 139
finished 0
u 34 7
j 201
p 201 178
successor 178 0 34,34,34,34,34,34,120,139 121 122 123 124 125 126 127 128 129 130 131 132 133 134 135 136 137 138 139 140 141 142 143 144 145 146 147 148 149 150 151 152 153 154 155 156 157 158 159 160 161 162 163 164 165 166 167 168 169 170 171 172 173 174 175 176 177 178
p 201 178
i 9 6 201
i 73 7 201
p 201 178
i 9 6 201
i 73 7 201
finished 0
u 34 6
i 73 7 201
u 120 7
j 253
p 253 201
successor 201 0 34,34,34,34,34,34,120,139 179 180 181 182 183 184 185 186 187 188 189 190 191 192 193 194 195 196 197 198 199 200 201
p 253 201
i 1 2 253
i 5 3 253
i 13 4 253
i 29 5 253
i 61 6 253
i 125 7 253
p 253 201
i 1 2 253
i 5 3 253
i 29 5 253
i 13 4 253
i 61 6 253
p 253 201
u 34 2
i 125 7 253
u 34 3
u 34 4
u 34 5
i 61 6 253
i 125 7 253
finished 0
u 120 6
u 139 7
j 143
j 143
j 143
p 143 139
successor 139 178 201,201,201,201,201,253,253,120 121 122 123 124 125 126 127 128 129 130 131 132 133 134 135 136 137 138 139
p 143 139
i 207 6 143
i 15 7 143
p 143 139
i 207 6 143
i 15 7 143
finished 0
i 207 6 143
u 34 7
i 207 6 143
i 207 6 143
u 253 6
j 50
j 50
j 50
p 50 34
successor 34 120 139,139,139,139,139,178,201,253 1 2 3 4 5 6 7 8 9 10 11 12 13 14 15 16 17 18 19 20 21 22 23 24 25 26 27 28 29 30 31 32 33 34
p 50 34
i 178 7 50
p 50 34
i 178 7 50
p 50 34
i 178 7 50
p 50 34
i 178 7 50
finished 0
u 178 7
j 80
j 80
j 80
j 80
p 80 50
successor 50 120 139,139,139,139,139,178,201,253 35 36 37 38 39 40 41 42 43 44 45 46 47 48 49 50
p 80 50
i 144 6 80
i 208 7 80
p 80 50
i 144 6 80
i 208 7 80
p 80 50
i 144 6 80
i 208 7 80
i 144 6 80
p 80 50
i 208 7 80
u 178 6
i 208 7 80
finished 0
u 253 7
j 213
j 213
j 213
j 213
j 213
p 213 201
successor 201 253 0,0,34,34,34,34,80,139 179 180 181 182 183 184 185 186 187 188 189 190 191 192 193 194 195 196 197 198 199 200 201
p 213 201
i 21 6 213
i 85 7 213
i 21 6 213
p 213 201
i 85 7 213
u 34 6
p 213 201
i 85 7 213
p 213 201
u 120 7
p 213 201
finished 0
j 192
j 192
j 192
j 192
p 192 178
successor 178 201 213,213,213,213,253,253,34,80 121 122 123 124 125 126 127 128 129 130 131 132 133 134 135 136 137 138 139 140 141 142 143 144 145 146 147 148 149 150 151 152 153 154 155 156 157 158 159 160 161 162 163 164 165 166 167 168 169 170 171 172 173 174 175 176 177 178
p 192 178
i 208 4 192
i 224 5 192
i 0 6 192
i 64 7 192
p 192 178
i 208 4 192
i 224 5 192
u 0 6
i 64 7 192
p 192 178
i 208 4 192
i 224 5 192
p 192 178
i 224 5 192
i 64 7 192
i 208 4 192
finished 0
i 208 4 192
u 253 5
i 64 7 192
u 213 4
u 80 7
j 216
j 216
j 216
j 216
p 216 213
successor 213 253 0,0,34,34,34,34,80,139 202 203 204 205 206 207 208 209 210 211 212 213
p 216 213
i 24 6 216
i 88 7 216
p 216 213
i 88 7 216
p 216 213
i 24 6 216
i 88 7 216
p 216 213
u 34 6
u 120 7
p 216 213
p 216 213
finished 0
j 145
j 145
j 145
j 145
p 145 143
successor 143 178 192,192,192,192,201,213,253,50 140 141 142 143
p 145 143
i 209 6 145
i 17 7 145
i 209 6 145
p 145 143
i 17 7 145
u 34 7
i 209 6 145
p 145 143
i 209 6 145
p 145 143
p 145 143
i 209 6 145
finished 0
u 213 6
j 159
j 159
j 159
j 159
j 159
p 159 145
successor 145 178 192,192,192,192,201,213,253,50 144 145
p 159 145
i 191 5 159
i 223 6 159
i 31 7 159
p 159 145
i 191 5 159
i 223 6 159
i 31 7 159
p 159 145
i 191 5 159
i 223 6 159
u 34 7
p 159 145
i 191 5 159
i 223 6 159
p 159 145
u 192 5
i 223 6 159
p 159 145
u 253 6
finished 0
j 63
j 63
j 63
j 63
p 63 50
successor 50 80 120,120,120,120,120,120,145,213 35 36 37 38 39 40 41 42 43 44 45 46 47 48 49 50
p 63 50
i 95 5 63
i 127 6 63
i 191 7 63
p 63 50
i 95 5 63
i 127 6 63
i 191 7 63
p 63 50
i 95 5 63
i 191 7 63
p 63 50
i 127 6 63
u 120 5
i 191 7 63
i 127 6 63
p 63 50
u 139 6
u 192 7
p 63 50
p 63 50
finished 0
j 121
j 121
j 121
j 121
p 121 120
successor 120 139 143,143,143,159,159,178,213,34 1 2 3 4 5 6 7 8 9 10 11 12 13 14 15 16 17 18 19 20 21 22 23 24 25 26 27 28 29 30 31 32 33 34 35 36 37 38 39 40 41 42 43 44 45 46 47 48 49 50 51 52 53 54 55 56 57 58 59 60 61 62 63 64 65 66 67 68 69 70 71 72 73 74 75 76 77 78 79 80 81 82 83 84 85 86 87 88 89 90 91 92 93 94 95 96 97 98 99 100 101 102 103 104 105 106 107 108 109 110 111 112 113 114 115 116 117 118 119 120
p 121 120
i 153 5 121
i 185 6 121
p 121 120
i 249 7 121
i 153 5 121
p 121 120
i 185 6 121
i 249 7 121
i 153 5 121
p 121 120
i 185 6 121
i 249 7 121
i 153 5 121
p 121 120
i 185 6 121
i 249 7 121
i 153 5 121
p 121 120
u 192 6
i 249 7 121
u 159 5
finished 0
u 253 7
j 3
j 3
p 3 0
successor 0 34 50,50,50,50,50,80,120,178 0 1 2 3 4 5 6 7 8 9 10 11 12 13 14 15 16 17 18 19 20 21 22 23 24 25 26 27 28 29 30 31 32 33 34 35 36 37 38 39 40 41 42 43 44 45 46 47 48 49 50 51 52 53 54 55 56 57 58 59 60 61 62 63 64 65 66 67 68 69 70 71 72 73 74 75 76 77 78 79 80 81 82 83 84 85 86 87 88 89 90 91 92 93 94 95 96 97 98 99 100 101 102 103 104 105 106 107 108 109 110 111 112 113 114 115 116 117 118 119 120 121 122 123 124 125 126 127 128 129 130 131 132 133 134 135 136 137 138 139 140 141 142 143 144 145 146 147 148 149 150 151 152 153 154 155 156 157 158 159 160 161 162 163 164 165 166 167 168 169 170 171 172 173 174 175 176 177 178 179 180 181 182 183 184 185 186 187 188 189 190 191 192 193 194 195 196 197 198 199 200 201 202 203 204 205 206 207 208 209 210 211 212 213 214 215 216 217 218 219 220 221 222 223 224 225 226 227 228 229 230 231 232 233 234 235 236 237 238 239 240 241 242 243 244 245 246 247 248 249 250 251 252 253 254 255
p 3 0
i 35 5 3
i 67 6 3
i 131 7 3
p 3 0
i 131 7 3
i 35 5 3
p 3 0
i 67 6 3
i 131 7 3
p 3 0
i 35 5 3
i 131 7 3
i 67 6 3
p 3 0
i 131 7 3
u 50 5
i 67 6 3
p 3 0
u 139 7
i 67 6 3
p 3 0
u 80 6
p 3 0
p 3 0
p 3 0
finished 0
j 33
j 33
j 33
p 33 3
successor 3 34 50,50,50,50,50,80,120,178 1 2 3
p 33 3
i 35 1 33
i 37 2 33
i 41 3 33
i 49 4 33
i 65 5 33
i 97 6 33
i 161 7 33
p 33 3
i 35 1 33
i 37 2 33
i 41 3 33
p 33 3
i 49 4 33
i 35 1 33
i 65 5 33
i 97 6 33
i 41 3 33
i 161 7 33
i 37 2 33
i 65 5 33
i 49 4 33
p 33 3
i 161 7 33
i 35 1 33
i 97 6 33
i 41 3 33
i 37 2 33
i 65 5 33
p 33 3
i 49 4 33
u 120 6
u 50 1
i 161 7 33
u 50 3
p 33 3
u 50 2
i 65 5 33
u 178 7
u 50 4
i 65 5 33
p 33 3
u 80 5
p 33 3
p 33 3
p 33 3
p 33 3
finished 0
j 225
j 225
j 225
j 225
j 225
p 225 216
successor 216 253 0,0,3,33,33,33,63,139 214 215 216
p 225 216
i 1 5 225
i 33 6 225
i 97 7 225
p 225 216
i 1 5 225
i 33 6 225
p 225 216
i 97 7 225
u 3 5
p 225 216
i 33 6 225
i 97 7 225
u 33 6
u 120 7
p 225 216
p 225 216
p 225 216
p 225 216
p 225 216
p 225 216
finished 0
j 23
j 23
j 23
p 23 3
successor 3 33 34,50,50,50,50,80,120,178 1 2 3
p 23 3
i 39 4 23
i 55 5 23
i 87 6 23
i 151 7 23
p 23 3
i 55 5 23
i 39 4 23
i 87 6 23
p 23 3
i 151 7 23
i 39 4 23
i 55 5 23
p 23 3
i 151 7 23
i 87 6 23
i 55 5 23
i 39 4 23
p 23 3
u 120 6
u 63 5
u 50 4
i 151 7 23
p 23 3
i 151 7 23
p 23 3
u 159 7
p 23 3
p 23 3
p 23 3
p 23 3
p 23 3
finished 0
